9150 20 15828  1 1 1 0 1 1 1 1 1 1 1 1 0 1 0 0 0 1 0 1
9151 20 20984  1 1 1 1 1 1 1 1 0 1 1 0 1 1 1 1 0 1 1 1
9152 20 21720  1 1 1 0 1 1 1 1 1 1 1 0 1 1 1 1 1 1 1 1
9153 20 17549  1 1 1 1 1 1 0 1 0 1 1 1 0 0 1 1 0 1 1 1
9154 20 17541  1 1 1 1 1 1 0 1 1 1 0 1 1 1 1 1 1 0 1 1
9155 20 21519  1 1 1 1 1 0 1 1 1 1 1 1 1 1 0 0 1 1 1 1
9156 20 17820  1 1 1 1 0 1 1 1 0 1 1 0 1 1 1 1 1 0 1 1
9157 20 23645  1 1 1 1 1 1 1 1 1 1 1 0 1 1 1 0 1 0 1 1
9158 20 17224  0 1 1 1 1 1 1 1 1 1 0 1 0 1 1 1 1 1 1 1
9159 20 20158  1 1 1 1 1 0 1 0 1 1 1 0 0 1 1 1 1 1 1 0
9160 20 19355  1 1 1 1 1 1 1 1 1 1 1 1 0 1 1 1 1 1 0 0
9161 20 18394  1 1 1 1 1 1 1 1 1 0 1 0 1 0 1 1 1 0 1 1
9162 20 19483  1 1 0 0 1 1 1 1 1 0 1 1 1 1 1 1 1 0 1 0
9163 20 19203  1 1 1 0 1 0 1 1 0 1 1 1 1 1 0 1 0 1 1 1
9164 20 15463  1 1 1 1 1 1 1 1 1 1 1 1 0 1 0 0 1 1 0 1
9165 20 1999  0 0 0 0 0 0 0 0 0 0 0 0 0 0 0 0 0 0 0 1
9166 20 17535  1 1 1 1 1 1 0 1 1 1 0 1 0 1 1 0 1 0 1 1
9167 20 16259  1 0 0 1 1 1 0 1 1 0 1 1 0 1 1 0 1 0 1 1
9168 20 18789  1 1 1 1 0 1 0 1 1 1 0 1 1 1 1 1 0 1 1 1
9169 20 19992  0 1 0 1 1 0 1 1 1 1 1 1 1 1 1 1 1 1 0 1
9170 20 22368  1 0 1 1 1 1 1 0 1 1 1 1 1 0 1 1 0 1 1 1
9171 20 16131  1 1 1 1 1 1 1 1 1 1 0 1 1 1 0 1 1 0 1 1
9172 20 20577  1 1 1 1 1 1 1 1 1 1 1 1 1 1 1 1 1 0 1 0
9173 20 18922  1 0 1 1 1 1 1 0 1 0 1 1 0 1 1 1 1 1 1 1
9174 20 21814  1 1 1 1 1 1 1 1 1 1 0 1 1 1 1 0 0 1 0 1
9175 20 15592  1 0 1 1 0 1 0 1 1 1 1 1 1 1 0 1 0 1 0 1
9176 20 20207  1 1 1 1 1 1 1 1 1 1 0 1 1 1 1 1 1 1 1 0
9177 20 19296  1 1 1 1 1 1 0 1 1 0 1 1 1 1 1 1 0 0 1 1
9178 20 18277  1 1 1 1 1 1 1 1 0 1 0 1 1 1 1 0 0 1 1 0
9179 20 18892  1 1 0 1 1 1 1 1 1 0 1 1 1 1 0 1 1 0 1 0
9180 20 19254  1 1 1 1 1 1 1 1 1 1 1 1 0 1 1 0 1 0 0 1
9181 20 20117  1 1 1 1 1 1 1 1 1 0 0 1 1 1 0 1 1 1 1 1
9182 20 19900  1 0 1 1 1 1 0 1 1 1 0 1 1 1 0 1 0 0 1 1
9183 20 19100  1 0 1 1 1 1 0 1 0 1 0 1 1 1 1 1 1 1 1 0
9184 20 23199  1 1 1 1 0 1 1 1 1 1 0 1 1 1 1 1 1 1 1 1
9185 20 19127  1 0 1 1 1 1 1 1 1 1 1 1 1 0 1 0 1 1 1 1
9186 20 19486  1 1 1 1 1 0 1 1 0 0 1 1 1 1 1 1 1 0 1 1
9187 20 20278  1 1 1 0 1 1 1 1 1 0 0 1 1 1 1 1 0 1 1 0
9188 20 17013  1 1 0 1 1 0 0 0 1 1 0 1 1 1 1 1 1 1 1 1
9189 20 16062  0 1 1 1 1 1 1 1 1 1 1 1 0 1 1 1 1 1 1 0
9190 20 20962  1 0 1 1 1 1 1 1 0 1 1 1 1 1 0 0 1 1 1 0
9191 20 22356  1 1 1 0 1 1 1 0 1 1 1 1 1 1 1 1 1 1 1 1
9192 20 21691  1 1 1 1 0 1 1 1 0 1 1 1 1 1 1 0 1 1 0 1
9193 20 17588  1 1 1 1 1 0 1 1 0 1 0 1 0 1 1 1 0 1 0 1
9194 20 22116  1 0 1 1 1 1 1 1 1 0 0 1 1 1 1 1 0 1 1 0
9195 20 19516  1 1 1 1 1 1 1 1 0 1 1 1 1 1 1 1 0 0 1 1
9196 20 19953  1 1 0 1 1 1 1 1 0 1 1 1 1 1 1 1 0 1 1 1
9197 20 19406  1 1 1 1 1 1 1 0 1 1 1 0 1 0 1 1 1 1 1 1
9198 20 15939  1 1 1 1 1 1 1 1 0 0 1 1 0 1 1 1 1 0 1 1
9199 20 19010  1 1 1 1 1 1 0 1 1 0 1 1 1 0 0 1 1 1 0 1
