40
0000011000000000000100000000000010000000
0001100000000011001001001101000010000000
0000100010100000110000010000000000000000
0100000000100000100000000000000000110010
0110000000001110000000000000001000000000
1000000000001100000000001000100101000000
1000000000000001000010000000010000000000
0000000000100001001100100000000000000000
0010000001000001010001010000001000010000
0000000010100000000000001000000000011000
0011000101010001100000101110000000000100
0000000000101000100000000000000010000000
0000110000010000100000000100010000000000
0000110000000000000000000000000001000000
0100100000000000000100100000000010010000
0100001110100000000000100000100100000000
0011000000111000000000000000010000000101
0010000010000000000000000000010010001000
0100000100000000000000001001000000100010
1000000100000010000000000000100100000000
0000001000000000000000001000000000000000
0100000010000000000000101010010000000010
0000000100100011000001000000110000110100
0010000010000000000000000000000000000000
0100010001100000001011000100001000000000
0100000000101000000000001000000110001010
0000000000100000000001000000000011100000
0100000000000000001000000000000111100000
0000010000000001000100100000000100000010
0000001000001000110001100000000000000000
0000100010000000000000001000000000000001
0000010000000001000100000101100000010000
1100000000010010010000000111000000000000
0000010000000100000000000011000000010000
0001000000000000001000100011000000010000
0001000011000010000000100000000101101001
0000000001000000010000000100000000010000
0000000000100000100000100000000000000000
0001000000000000001001000100100000000000
0000000000000000100000000000001000010000
