30
000000000010000010100000000000
000000000000000011000011010010
000100110110000000110000100000
001000010000001000000000000010
000000010000000000000000011000
000000011000110001100000000000
001000001010010000000010000000
001111001010000000000000000000
000001110001100000000000000000
001000000000010000001000000111
101000110000000001000000000000
000000001000000001000000000000
000001001000010000100000000100
000001100100100010000000010000
000100000000000001000000010000
000000000000000000000001000000
110000000000010000000000100001
010001000011001000010100101001
101001000000100000011000001001
001000000000000001100000110000
000000000100000000100000010000
000000000000000001000000110101
010000100000000000000000000100
010000000000000100000000001100
001000000000000011010100000000
010010000000011000011100000000
000010000000000001100001000001
000000000100100000000111000000
010100000100000000000000000001
000000000100000011100100001010
