25
0000010000000100000000001
0000000000000000000000001
0000000100000000000000000
0000000010100001000000000
0000000010000100000100000
1000000000000000000001000
0000000000000101100000000
0010000000000000000010011
0001100000001000000010001
0000000000010000001000010
0001000000000000001000000
0000000001000000000000011
0000000010000000000000000
1000101000000011000000000
0000000000000100001000001
0001001000000100010000100
0000001000000000010100100
0000000000000001100000000
0000000001100010000000000
0000100000000000100000000
0000000110000000000001000
0000010000000000000010000
0000000000000001100000000
0000000101010000000000000
1100000110010010000000000
