30
000000000010000101011000100001
000001010001000010000000100010
000011000000000000000100000001
000010100010000010000100000110
001100011100000000010010100100
011000010100010101010010101010
000100000100011000010010001110
010011000000100001001000100001
000010000010010000000001000000
000011100001000010011000001101
100100001001001010000111100000
010000000110100100000000000000
000000010001011011001110100000
000001101000100000100000010000
000000100010100110100010101101
100001000001001000000011100001
010100000110101001000000000000
100001010000100010000000000000
000000000000011000010000000000
100011100100000000100000101000
100000010100100000000110100000
001100000010100000001000000010
000011100010101100001000100000
000000001010000100000000100000
110011010010101100011011000000
000000000000010000000000000000
000001100100001000010000000000
000110100100001000000000000000
010101100000000000000100000000
101000010100001100000000000000
