40
0000000010011000101101001000000001100010
0000000000100000000000100000000000100000
0000001000010000100000000000010000000000
0000000000000011000000100000000000000000
0000000010000000000000111000000000000010
0000001000000000000001000000000000001001
0010010000000000010000000000001000000000
0000000000000000100011001000000000000000
1000100001010010000000000000000000001001
0000000010000100000000100000100100000000
0100000000000000000100011001010101100000
1010000010000000000010010010000000000000
1000000000000100100000001000000001010000
0000000001001000000010000000010010000000
0001000010000000100100100000110000000000
0001000000000000010000010011010000000100
1010000100001010000010000000000000000001
0000001000000001000100100010000000000011
1000000000000000000100000000000000000000
1000000000100010011010100001000000000000
0000000100010100100100100000000000000000
1000010100000000000000001000000000000000
0101100001000010010110000000000001000000
0000100000110001000000000000000000000000
1000100100101000000001000000000000000000
0000000000000000000000000010100000000000
0000000000010001010000000100000000010010
0000000000100001000100000000000110000000
0000000001000010000000000100000000000000
0010000000100111000000000000000000000000
0000001000000000000000000000000000000000
0000000001100000000000000001000001000000
0000000000000100000000000001000000100000
1000000000101000000000100000000100000001
1100000000100000000000000000000010010000
0000000000001000000000000010000000100000
0000010010000000000000000000000000000000
0000000000000001000000000000000000000001
1000100000000000010000000010000000000000
0000010010000000110000000000000001000100
