50
00000000000000001100000100000100000000000101000000
00000000000000000001000000000000001001000000000010
00010000000010010000010001000000000010000010001000
00100000001000000000100100000100011000010100000000
00000000000000100000000000000000011000000100000000
00000000000000000000000000000000100100001000100010
00000000010100100001000100000010000000010000010010
00000000010000000000100000000000000101000000000000
00000000001000101010000000000000010000000000000000
00000011000000000001100001000000000000000010000100
00010000100000000000100001000000000000000100000000
00000010000000000101100000101000101000000000000000
00100000000000001001000000000000000100000000000000
00000000000000000000000100010000000000100000000000
00001010100000001000000000000000000000000000000001
00100000000000000000011000000100000000000000000101
10000000100010100000100000000010010000000010010000
10000000000100000010101000000000000000000000000000
00000000100000000100010000000000000101000010000000
01000010010110000000010100000000010000000000000000
00010001011100001100000000000000000000001001000000
00100000000000010011000000000000000001000001000100
00000000000000010100000000000000010001000000000110
10010010000001000001000000001000000001000000000000
00000000000000000000000000000000000000000000001000
00100000011000000000000000000000010000010000000001
00000000000100000000000000000000000000000000000000
00000000000001000000000000000000100010010110000010
00000000000100000000000100000001000100000000000001
10010000000000010000000000000001000000010000010000
00000010000000001000000000000000000000001000000000
00000000000000000000000000001100000101001000000110
00000100000100000000000000010000000000000000010001
00011000100000001001001001000000001100000000000000
01011000000100000000000000000000010000000010001001
00000101000010000010000000001001010000110000000000
00100000000000000000000000010000000000000000000101
01000001000000000010011100000001000000010000010000
00000000000001000000000000000000000100000011000000
00010010000000000000000001010100000101000000101001
00000100000000000000100000000011000000000000000000
10011000001000000000000000010000000000000000000000
00100000010000001010000000010000001000100000000000
10000000000000000000110000000000000000100000000000
00000100000000000000000000000000000000010000000010
00000010000000001000000000000100100001000000000101
00100000000000000000000010000000001000010000000000
00000000010000010000011000000001000010000000010000
01000110000000000000001000010001000000000000100000
00000000000000110000000001001000101010010000010000
