2.400000	 -1.556546
4.000000	 -1.746799
7.800000	 -2.198649
9.600000	 -2.412684
11.000000	 -2.579155
13.800000	 7.284105
14.600000	 -12.159955
15.400000	 -31.603992
15.600000	 -36.465023
16.000000	 -46.187042
16.200001	 -51.048073
16.799999	 -65.631081
17.600000	 -85.075165
17.799999	 -89.936150
19.400000	 -100.762123
20.400000	 -109.325233
22.000000	 -123.026215
24.200001	 -92.091858
25.000000	 -71.930641
26.000000	 -46.729099
27.000000	 -31.609268
27.600000	 -17.844883
28.600000	 5.095746
31.200001	 64.741386
33.400002	 39.423470
35.200001	 18.648441
35.599998	 14.031793
38.000000	 20.618561
40.400002	 5.545012
42.799999	 5.385465
44.400002	 4.482996
47.799999	 2.565255
53.200001	 -0.480573
57.599998	 -2.962356
