0.072686	 0.211519	 0.067024
0.631635	 0.999117	 0.565471
0.884707	 0.153604	 0.342671
0.272710	 0.630488	 0.200477
0.436411	 0.616350	 0.269538
0.766495	 0.000595	 0.064468
0.477732	 0.000879	 0.059790
0.237774	 0.773352	 0.278255
0.274907	 0.727335	 0.266834
0.359265	 0.319178	 0.108999
0.166507	 0.417724	 0.109765
0.486517	 0.682494	 0.322398
0.897656	 0.680562	 0.589044
0.909208	 0.205262	 0.381419
0.060564	 0.836420	 0.235711
0.904653	 0.708921	 0.606261
0.504523	 0.828708	 0.407490
0.516292	 0.094549	 0.073687
0.319033	 0.081738	 0.062333
0.986642	 0.764005	 0.682675
0.493977	 0.629572	 0.298128
0.266145	 0.213852	 0.081499
0.090733	 0.213547	 0.068690
0.947764	 0.081061	 0.349491
0.073749	 0.388823	 0.097985
0.500707	 0.952160	 0.464072
0.384142	 0.947545	 0.401728
0.277082	 0.389854	 0.117164
0.913817	 0.269215	 0.413227
0.529747	 0.692169	 0.351356
0.464446	 0.284035	 0.117039
0.940980	 0.776866	 0.659802
0.050084	 0.783865	 0.183456
0.761514	 0.422460	 0.386823
0.770205	 0.282156	 0.328852
0.827817	 0.193967	 0.325178
0.125365	 0.011316	 0.035984
0.015868	 0.191824	 0.059462
0.688455	 0.983236	 0.594450
0.868247	 0.244054	 0.373222
0.629543	 0.819726	 0.479507
0.736225	 0.136455	 0.149737
0.725412	 0.398144	 0.353148
0.999458	 0.601010	 0.617037
0.888572	 0.176880	 0.355623
0.233195	 0.828355	 0.301137
0.306322	 0.157731	 0.074646
0.351015	 0.987937	 0.404092
0.513274	 0.257169	 0.115536
0.591114	 0.233599	 0.125228
0.845982	 0.101637	 0.294847
0.412081	 0.219411	 0.091794
0.841511	 0.634717	 0.533044
0.269317	 0.696007	 0.251899
0.415395	 0.794770	 0.348828
0.537304	 0.696243	 0.357642
0.467917	 0.752940	 0.348260
0.287212	 0.669521	 0.244519
0.178328	 0.633430	 0.161881
0.153720	 0.056441	 0.045905
0.571655	 0.598217	 0.326354
0.802406	 0.227008	 0.324150
0.033054	 0.318778	 0.082825
0.534450	 0.699834	 0.357903
0.498480	 0.117437	 0.077122
0.955361	 0.762571	 0.662374
0.748293	 0.526123	 0.425383
0.554584	 0.553911	 0.294124
0.890737	 0.587989	 0.542845
0.624849	 0.329666	 0.201556
0.842040	 0.702989	 0.564242
0.159768	 0.143045	 0.061430
0.212752	 0.161688	 0.068530
0.714710	 0.485325	 0.385840
0.130427	 0.860226	 0.253591
0.090990	 0.813266	 0.232711
0.274588	 0.556836	 0.177051
0.003000	 0.738997	 0.153834
0.414293	 0.316007	 0.119991
0.026876	 0.135332	 0.050423
0.709820	 0.528548	 0.402308
0.937897	 0.310739	 0.447129
0.239911	 0.588119	 0.182045
0.180896	 0.518084	 0.136734
0.317540	 0.430848	 0.142792
0.886991	 0.258843	 0.391684
0.652059	 0.370226	 0.253867
0.150335	 0.393018	 0.104285
0.681346	 0.446866	 0.324141
0.385815	 0.475896	 0.167276
0.387725	 0.387831	 0.139217
0.499741	 0.279293	 0.120676
0.147533	 0.078263	 0.049257
0.587187	 0.369742	 0.206710
0.845576	 0.253922	 0.363440
0.590109	 0.671784	 0.379626
0.955409	 0.676237	 0.623372
0.556146	 0.513936	 0.265391
0.148152	 0.728608	 0.213831
0.983305	 0.720768	 0.661031
0.408767	 0.944753	 0.413958
0.141820	 0.460697	 0.115454
0.564899	 0.940163	 0.498372
0.252126	 0.321560	 0.099241
0.488515	 0.460434	 0.200182
0.464031	 0.517145	 0.219192
0.961095	 0.661355	 0.620217
0.126031	 0.401833	 0.104053
0.199757	 0.605640	 0.157692
0.319250	 0.986503	 0.405774
0.629269	 0.150394	 0.097855
0.126712	 0.670098	 0.165311
0.651254	 0.343818	 0.218630
0.621634	 0.541710	 0.325064
0.803073	 0.522808	 0.458300
0.247842	 0.829239	 0.304919
0.476432	 0.014951	 0.062146
0.389314	 0.274210	 0.101805
0.203250	 0.642979	 0.194336
0.028375	 0.546137	 0.122087
0.901673	 0.917848	 0.698845
0.426497	 0.266613	 0.105882
0.142021	 0.970087	 0.341693
0.947487	 0.246733	 0.424217
0.410313	 0.843975	 0.363054
0.131189	 0.694024	 0.170976
0.885648	 0.455752	 0.479863
0.092174	 0.817101	 0.234118
0.162199	 0.022084	 0.040538
0.071064	 0.160749	 0.058063
0.365339	 0.706950	 0.286596
0.253057	 0.707826	 0.253274
0.135109	 0.436638	 0.110776
0.783153	 0.582421	 0.472737
0.455307	 0.751710	 0.340631
0.349524	 0.991533	 0.405112
0.452300	 0.695679	 0.314486
0.808945	 0.279512	 0.351995
0.931674	 0.753863	 0.643556
0.651646	 0.171179	 0.112093
0.215248	 0.004254	 0.041290
0.679592	 0.495691	 0.358671
0.908922	 0.079917	 0.324570
0.250126	 0.163081	 0.071491
0.860860	 0.903301	 0.666627
0.471262	 0.782992	 0.365552
0.505956	 0.746679	 0.366152
0.600394	 0.436426	 0.244436
0.817562	 0.006342	 0.233909
0.755844	 0.584787	 0.456649
0.462245	 0.518478	 0.219359
0.951367	 0.066850	 0.345330
0.632739	 0.544023	 0.342333
0.439330	 0.389731	 0.147377
0.824697	 0.215826	 0.333100
0.688981	 0.385769	 0.298299
0.702207	 0.626861	 0.441973
0.987145	 0.659053	 0.635543
0.954415	 0.709320	 0.637705
0.851270	 0.538661	 0.495748
0.289316	 0.280289	 0.094756
0.537426	 0.815932	 0.418822
0.514435	 0.371910	 0.167656
0.103434	 0.686102	 0.166740
0.414028	 0.310169	 0.118074
0.576717	 0.009348	 0.060370
0.876566	 0.103797	 0.315038
0.440039	 0.520960	 0.215289
0.729748	 0.775880	 0.526647
0.869264	 0.220685	 0.363296
0.715642	 0.055279	 0.076480
0.800720	 0.070635	 0.252395
0.706535	 0.160274	 0.149995
0.741716	 0.723764	 0.510604
0.019092	 0.297022	 0.078020
0.886031	 0.050603	 0.296936
0.524987	 0.477804	 0.235728
0.463323	 0.457162	 0.192916
0.065194	 0.519988	 0.120210
0.713422	 0.446490	 0.367473
0.488943	 0.150312	 0.083498
0.667679	 0.285942	 0.196601
0.682049	 0.833682	 0.522812
0.199555	 0.695637	 0.210740
0.916634	 0.577776	 0.554497
0.865883	 0.681164	 0.569354
0.890019	 0.331175	 0.426288
0.543948	 0.057475	 0.068015
0.139195	 0.986883	 0.348349
0.450347	 0.542393	 0.227010
0.989362	 0.001657	 0.339727
0.215532	 0.856193	 0.309160
0.446023	 0.029355	 0.062444
0.315732	 0.377550	 0.117930
0.514659	 0.489652	 0.237561
0.881504	 0.576173	 0.531702
0.439726	 0.738959	 0.330847
0.467532	 0.679332	 0.312334
0.806650	 0.536267	 0.466632
0.365158	 0.035588	 0.057649
