9200 22 2118  1 1 1 1 1 1 1 1 1 1 1 1 1 0 1 0 1 1 0 0 0 0
9201 22 1684  1 1 1 1 1 1 1 1 1 1 1 1 1 0 1 1 0 1 0 0 0 0
9202 22 2157  1 1 1 1 1 1 1 1 1 1 1 1 1 1 0 1 0 1 1 0 0 0
9203 22 2145  1 1 1 1 1 1 1 1 1 1 1 1 1 1 1 1 1 1 0 0 0 0
9204 22 2474  1 1 1 1 1 1 1 1 1 1 1 1 1 1 1 0 1 0 0 0 0 0
9205 22 2346  1 1 1 1 1 1 1 1 1 1 1 1 1 0 0 0 1 0 1 0 0 0
9206 22 1992  1 1 1 1 1 1 1 1 1 1 1 1 1 1 0 1 0 1 0 0 0 0
9207 22 2438  1 1 1 1 1 1 1 1 1 1 1 1 1 1 1 0 0 0 1 0 0 0
9208 22 2172  1 1 1 1 1 1 1 1 1 1 1 1 1 1 0 0 1 0 1 0 1 0
9209 22 1469  1 1 1 1 1 1 1 1 1 1 1 1 1 0 0 0 1 0 1 0 0 0
9210 22 1624  1 1 1 1 1 1 1 1 1 1 1 1 0 0 0 1 0 0 0 0 0 0
9211 22 1820  1 1 1 1 1 1 1 1 1 1 1 1 0 0 0 0 1 0 0 0 0 0
9212 22 1780  1 1 1 1 1 1 1 1 1 1 1 1 1 0 0 0 0 0 1 0 0 0
9213 22 2046  1 1 1 1 1 1 1 1 1 1 1 1 1 1 0 1 0 0 0 0 0 0
9214 22 1846  1 1 1 1 1 1 1 1 1 1 1 1 0 1 1 1 1 0 0 0 0 0
9215 22 1882  1 1 1 1 1 1 1 1 1 1 1 1 1 0 0 0 1 0 0 0 0 0
9216 22 1623  1 1 1 1 1 1 1 1 1 1 1 0 0 1 1 1 1 0 0 0 0 0
9217 22 1989  1 1 1 1 1 1 1 1 1 1 1 1 1 1 0 1 1 1 0 0 0 0
9218 22 1636  1 1 1 1 1 1 1 1 1 1 1 1 1 1 0 1 1 0 0 0 0 0
9219 22 1940  1 1 1 1 1 1 1 1 1 1 1 1 0 1 0 1 0 0 1 0 0 0
9220 22 2357  1 1 1 1 1 1 1 1 1 1 1 0 1 1 1 0 1 0 1 0 0 0
9221 22 2502  1 1 1 1 1 1 1 1 1 1 1 1 1 1 0 1 1 0 1 0 0 0
9222 22 1884  1 1 1 1 1 1 1 1 1 1 1 1 0 1 0 1 0 0 0 0 0 0
9223 22 2418  1 1 1 1 1 1 1 1 1 1 1 1 0 1 0 0 1 1 1 0 0 0
9224 22 1757  1 1 1 1 1 1 1 1 1 1 1 1 1 0 0 0 1 1 0 0 1 0
9225 22 1786  1 1 1 1 1 1 1 1 1 1 1 1 0 0 1 1 0 0 0 0 0 0
9226 22 1891  1 1 1 1 1 1 1 1 1 1 1 1 1 1 0 0 1 0 0 0 0 0
9227 22 1521  1 1 1 1 1 1 1 1 1 1 1 0 1 0 0 1 0 0 0 0 0 0
9228 22 2350  1 1 1 1 1 1 1 1 1 1 1 1 1 1 1 1 1 0 1 1 0 0
9229 22 1663  1 1 1 1 1 1 1 1 1 1 1 0 0 0 1 0 0 0 0 0 0 0
9230 22 2022  1 1 1 1 1 1 1 1 1 1 1 1 1 1 1 1 0 1 0 0 0 0
9231 22 1848  1 1 1 1 1 1 1 1 1 1 1 1 1 1 0 1 0 0 0 0 0 0
9232 22 1953  1 1 1 1 1 1 1 1 1 1 1 1 1 1 1 1 1 0 0 0 0 0
9233 22 1995  1 1 1 1 1 1 1 1 1 1 1 1 1 1 0 0 1 0 1 0 0 0
9234 22 1746  1 1 1 1 1 1 1 1 1 1 0 1 0 1 0 0 1 0 0 1 0 0
9235 22 2301  1 1 1 1 1 1 1 1 1 1 1 1 1 0 1 0 1 0 0 0 0 0
9236 22 1888  1 1 1 1 1 1 1 1 1 1 1 1 0 0 0 0 1 0 0 0 0 0
9237 22 231  1 1 1 1 1 1 1 1 1 1 1 1 1 1 1 1 1 1 1 1 1 0
9238 22 2192  1 1 1 1 1 1 1 1 1 1 1 1 0 0 0 0 1 0 1 0 0 0
9239 22 2020  1 1 1 1 1 1 1 1 1 1 1 1 0 1 1 0 1 0 1 0 1 0
9240 22 1863  1 1 1 1 1 1 1 1 1 1 1 1 1 1 1 1 1 1 0 0 0 0
9241 22 1974  1 1 1 1 1 1 1 1 1 1 1 1 1 1 1 1 0 0 0 0 0 0
9242 22 1880  1 1 1 1 1 1 1 1 1 1 1 1 1 0 0 0 1 0 0 0 0 0
9243 22 1529  1 1 1 1 1 1 1 1 1 1 1 0 1 0 0 0 1 0 0 0 0 0
9244 22 2262  1 1 1 1 1 1 1 1 1 1 1 1 1 1 0 0 0 1 0 0 0 0
9245 22 1571  1 1 1 1 1 1 1 1 1 1 1 0 1 0 1 0 1 0 1 0 0 0
9246 22 2318  1 1 1 1 1 1 1 1 1 1 1 1 1 1 0 0 0 0 1 1 0 0
9247 22 1989  1 1 1 1 1 1 1 1 1 1 1 1 1 0 1 0 0 1 1 0 0 0
9248 22 2012  1 1 1 1 1 1 1 1 1 1 1 1 1 1 1 0 0 1 0 0 0 0
9249 22 2191  1 1 1 1 1 1 1 1 1 1 1 1 1 1 1 0 1 0 1 0 0 1
