9100 15 2321  1 1 1 1 1 1 1 1 1 1 1 1 1 1 0
9101 15 1106  1 1 1 1 1 1 1 1 1 0 1 0 0 0 0
9102 15 1920  1 1 1 1 1 1 1 1 1 1 1 1 1 0 0
9103 15 1477  1 1 1 1 1 1 1 1 1 1 1 1 1 0 1
9104 15 1257  1 1 1 1 1 1 1 1 1 1 1 0 1 0 0
9105 15 1852  1 1 1 1 1 1 1 1 1 1 1 1 1 1 1
9106 15 1987  1 1 1 1 1 1 1 1 1 1 1 1 1 1 1
9107 15 1334  1 1 1 1 1 1 1 1 1 1 1 1 1 0 0
9108 15 1428  1 1 1 1 1 1 1 1 1 1 1 1 1 0 0
9109 15 1328  1 1 1 1 1 1 1 1 1 1 1 1 0 0 0
9110 15 2066  1 1 1 1 1 1 1 1 1 1 1 1 1 0 1
9111 15 1454  1 1 1 1 1 1 1 1 1 1 1 1 1 1 0
9112 15 1610  1 1 1 1 1 1 1 1 1 1 1 1 1 0 0
9113 15 1927  1 1 1 1 1 1 1 1 1 1 0 0 0 0 1
9114 15 1523  1 1 1 1 1 1 1 1 1 1 1 1 1 0 0
9115 15 1517  1 1 1 1 1 1 1 1 1 1 1 1 0 0 0
9116 15 1431  1 1 1 1 1 1 1 1 1 1 1 1 0 1 0
9117 15 1652  1 1 1 1 1 1 1 1 1 1 1 1 1 0 0
9118 15 1213  1 1 1 1 1 1 1 1 1 1 1 0 0 0 0
9119 15 1769  1 1 1 1 1 1 1 1 1 1 1 1 1 1 1
9120 15 1639  1 1 1 1 1 1 1 1 1 1 0 0 0 0 0
9121 15 1838  1 1 1 1 1 1 1 1 1 1 1 1 1 1 0
9122 15 1778  1 1 1 1 1 1 1 1 1 1 1 1 1 1 1
9123 15 1990  1 1 1 1 1 1 1 1 1 1 1 1 1 1 1
9124 15 1398  1 1 1 1 1 1 1 1 1 1 1 1 0 1 1
9125 15 2122  1 1 1 1 1 1 1 1 1 1 1 1 1 1 1
9126 15 182  1 1 1 1 1 1 1 1 1 1 1 1 1 1 0
9127 15 855  1 1 1 1 1 1 1 1 1 1 1 0 0 1 0
9128 15 1915  1 1 1 1 1 1 1 1 1 1 1 1 1 1 1
9129 15 1833  1 1 1 1 1 1 1 1 1 1 1 1 1 1 1
9130 15 1015  1 1 1 1 1 1 1 1 1 1 1 1 0 0 1
9131 15 1956  1 1 1 1 1 1 1 1 1 1 1 1 1 0 1
9132 15 2232  1 1 1 1 1 1 1 1 1 1 1 1 1 0 1
9133 15 1818  1 1 1 1 1 1 1 1 1 1 1 1 1 0 0
9134 15 1125  1 1 1 1 1 1 1 1 1 1 0 0 0 0 0
9135 15 1686  1 1 1 1 1 1 1 1 1 1 1 1 1 1 0
9136 15 1816  1 1 1 1 1 1 1 1 1 1 1 1 1 1 0
9137 15 1658  1 1 1 1 1 1 1 1 1 1 1 1 1 1 0
9138 15 1946  1 1 1 1 1 1 1 1 1 1 1 1 1 1 0
9139 15 1719  1 1 1 1 1 1 1 1 1 1 1 1 1 0 0
9140 15 2085  1 1 1 1 1 1 1 1 1 1 1 1 0 0 1
9141 15 1776  1 1 1 1 1 1 1 1 1 1 1 1 1 1 0
9142 15 1304  1 1 1 1 1 1 1 1 1 1 1 1 0 1 1
9143 15 1342  1 1 1 1 1 1 1 1 1 1 1 0 0 0 1
9144 15 1676  1 1 1 1 1 1 1 1 1 1 1 1 1 0 0
9145 15 1995  1 1 1 1 1 1 1 1 1 1 1 1 1 1 0
9146 15 1964  1 1 1 1 1 1 1 1 1 1 1 1 1 1 0
9147 15 1195  1 1 1 1 1 1 1 1 1 1 1 1 0 0 0
9148 15 1705  1 1 1 1 1 1 1 1 1 1 1 1 1 0 1
9149 15 1873  1 1 1 1 1 1 1 1 1 1 1 1 1 1 1
