9050 10 484  1 1 1 1 1 0 1 0 1 0
9051 10 733  1 1 1 1 1 1 1 1 0 0
9052 10 327  1 1 1 0 0 1 0 1 0 0
9053 10 956  1 1 1 1 1 0 0 1 0 1
9054 10 1451  1 1 1 1 1 1 1 1 1 0
9055 10 1338  1 1 1 1 1 0 1 1 0 1
9056 10 1233  1 1 1 1 1 0 1 1 0 0
9057 10 454  1 1 1 1 0 0 0 0 0 0
9058 10 1220  1 1 1 0 0 0 1 1 1 1
9059 10 1210  1 1 1 1 1 1 0 1 0 0
9060 10 985  1 1 1 1 1 1 0 0 0 0
9061 10 1074  1 1 1 1 1 1 1 1 1 0
9062 10 90  1 1 1 1 1 0 1 1 1 1
9063 10 710  1 1 1 1 1 0 0 0 1 0
9064 10 1209  1 1 1 1 0 1 1 1 0 0
9065 10 832  1 1 1 0 0 1 0 1 0 1
9066 10 824  1 1 1 1 1 1 0 0 0 1
9067 10 1195  1 1 1 1 0 1 0 1 0 1
9068 10 782  1 1 1 1 1 1 0 0 0 0
9069 10 770  1 1 1 1 1 0 1 0 0 0
9070 10 740  1 1 1 0 1 0 1 0 0 0
9071 10 1023  1 1 1 1 1 1 0 1 0 0
9072 10 812  1 1 1 1 1 1 0 1 0 0
9073 10 408  1 1 1 0 0 0 0 1 0 0
9074 10 661  1 1 1 1 0 1 0 0 1 0
9075 10 1037  1 1 1 1 1 1 1 1 0 0
9076 10 839  1 1 1 1 1 0 1 1 0 0
9077 10 612  1 1 1 1 1 0 0 0 1 0
9078 10 1332  1 1 1 1 1 1 1 1 1 0
9079 10 947  1 1 1 1 1 0 0 0 1 0
9080 10 699  1 1 1 1 0 1 0 0 0 0
9081 10 652  1 1 1 1 0 1 0 0 0 0
9082 10 477  1 1 1 1 1 0 0 0 0 0
9083 10 1331  1 1 1 1 1 0 1 1 0 1
9084 10 795  1 1 1 1 1 0 1 0 0 0
9085 10 983  1 1 1 1 1 1 1 0 1 1
9086 10 748  1 1 1 1 1 0 0 0 0 1
9087 10 1059  1 1 0 1 1 0 0 1 1 0
9088 10 1578  1 1 1 1 1 1 1 1 1 1
9089 10 520  1 1 1 0 1 1 0 0 0 0
9090 10 1115  1 1 1 1 1 1 1 0 1 1
9091 10 895  1 1 1 1 1 0 1 1 0 0
9092 10 1436  1 1 1 1 1 1 0 1 1 1
9093 10 1217  1 1 1 1 1 1 1 0 1 1
9094 10 1172  1 1 1 1 1 1 1 0 0 0
9095 10 873  1 1 1 1 1 1 1 0 1 0
9096 10 1033  1 1 1 1 1 1 1 1 0 0
9097 10 786  1 1 1 1 1 1 1 0 0 0
9098 10 842  1 1 1 1 1 0 0 0 1 1
9099 10 1243  1 1 1 1 1 1 1 1 0 0
