9150 20 1857  1 1 1 1 1 1 1 1 1 1 1 1 1 0 1 1 0 0 0 0
9151 20 2294  1 1 1 1 1 1 1 1 1 1 1 1 1 0 1 0 1 0 0 0
9152 20 2191  1 1 1 1 1 1 1 1 1 1 1 1 1 0 0 1 1 0 0 1
9153 20 1826  1 1 1 1 1 1 1 1 1 1 1 1 1 0 1 0 1 0 0 0
9154 20 1785  1 1 1 1 1 1 1 1 1 1 1 1 1 1 1 0 1 0 0 0
9155 20 2696  1 1 1 1 1 1 1 1 1 1 1 1 1 1 1 1 1 0 0 0
9156 20 1514  1 1 1 1 1 1 1 1 1 1 1 0 0 0 0 0 1 1 0 0
9157 20 2146  1 1 1 1 1 1 1 1 1 1 1 1 1 1 0 0 1 0 0 0
9158 20 1870  1 1 1 1 1 1 1 1 1 1 1 1 1 1 1 1 1 0 0 0
9159 20 2146  1 1 1 1 1 1 1 1 1 1 1 1 1 0 0 0 1 0 0 0
9160 20 1582  1 1 1 1 1 1 1 1 1 1 1 1 1 0 1 0 1 0 0 0
9161 20 1980  1 1 1 1 1 1 1 1 1 1 1 1 1 1 1 0 1 1 0 0
9162 20 1511  1 1 1 1 1 1 1 1 1 1 0 1 0 0 0 0 0 0 0 0
9163 20 2321  1 1 1 1 1 1 1 1 1 1 1 1 0 1 1 0 1 0 1 0
9164 20 1511  1 1 1 1 1 1 1 1 1 1 1 1 1 1 1 0 1 0 1 0
9165 20 228  1 1 1 1 1 1 1 1 1 1 1 0 1 1 1 1 1 1 1 1
9166 20 1463  1 1 1 1 1 1 1 1 1 1 1 1 1 1 0 0 0 0 0 0
9167 20 1525  1 1 1 1 1 1 1 1 1 1 1 1 1 0 0 0 1 0 0 0
9168 20 1610  1 1 1 1 1 1 1 1 1 1 1 0 1 0 0 0 0 0 0 0
9169 20 2181  1 1 1 1 1 1 1 1 1 1 1 1 1 1 1 0 0 1 0 0
9170 20 2421  1 1 1 1 1 1 1 1 1 1 1 1 1 0 1 0 1 0 1 0
9171 20 1723  1 1 1 1 1 1 1 1 1 1 1 1 1 1 1 1 0 0 0 1
9172 20 2220  1 1 1 1 1 1 1 1 1 1 1 1 1 1 1 0 1 1 0 0
9173 20 2135  1 1 1 1 1 1 1 1 1 1 1 1 1 1 1 0 0 1 0 0
9174 20 2610  1 1 1 1 1 1 1 1 1 1 1 1 1 1 1 1 0 1 0 0
9175 20 1684  1 1 1 1 1 1 1 1 1 1 1 1 1 0 1 0 1 0 0 0
9176 20 1955  1 1 1 1 1 1 1 1 1 1 1 1 1 1 0 1 1 1 0 0
9177 20 1729  1 1 1 1 1 1 1 1 1 1 1 1 1 0 1 0 1 0 0 0
9178 20 1811  1 1 1 1 1 1 1 1 1 1 1 0 1 0 1 0 0 0 0 0
9179 20 1685  1 1 1 1 1 1 1 1 1 1 1 1 1 1 0 1 0 0 0 1
9180 20 2058  1 1 1 1 1 1 1 1 1 1 1 1 1 1 0 1 1 0 0 0
9181 20 2093  1 1 1 1 1 1 1 1 1 1 1 1 1 1 1 1 1 0 0 0
9182 20 2121  1 1 1 1 1 1 1 1 1 1 1 1 1 1 0 0 0 0 0 0
9183 20 1537  1 1 1 1 1 1 1 1 1 1 1 0 0 1 1 0 1 0 0 0
9184 20 2816  1 1 1 1 1 1 1 1 1 1 1 1 1 1 1 1 1 0 0 0
9185 20 1862  1 1 1 1 1 1 1 1 1 1 1 1 1 1 1 0 0 0 0 0
9186 20 1818  1 1 1 1 1 1 1 1 1 1 1 1 1 1 0 0 0 0 0 0
9187 20 2099  1 1 1 1 1 1 1 1 1 1 1 1 1 1 1 0 1 0 0 0
9188 20 1513  1 1 1 1 1 1 1 1 1 1 1 0 0 1 1 0 1 0 0 0
9189 20 1334  1 1 1 1 1 1 1 1 1 1 1 1 0 1 0 1 0 0 1 0
9190 20 1771  1 1 1 1 1 1 1 1 1 1 1 1 1 0 1 0 0 0 0 0
9191 20 2546  1 1 1 1 1 1 1 1 1 1 1 1 1 1 1 1 1 1 0 0
9192 20 2053  1 1 1 1 1 1 1 1 1 1 1 1 1 1 1 0 1 1 0 0
9193 20 1425  1 1 1 1 1 1 1 1 1 1 0 0 0 1 0 1 1 0 0 0
9194 20 1785  1 1 1 1 1 1 1 1 1 1 1 1 1 0 0 0 0 0 0 0
9195 20 2026  1 1 1 1 1 1 1 1 1 1 1 1 1 1 1 0 0 0 0 0
9196 20 1861  1 1 1 1 1 1 1 1 1 1 1 1 1 1 0 0 0 0 0 0
9197 20 1968  1 1 1 1 1 1 1 1 1 1 1 1 1 0 1 0 1 0 0 0
9198 20 1751  1 1 1 1 1 1 1 1 1 1 1 1 1 1 1 1 1 0 1 0
9199 20 1647  1 1 1 1 1 1 1 1 1 1 1 1 1 1 0 1 0 0 0 0
