9000 4 473  1 0 1 1
9001 4 326  1 0 1 0
9002 4 196  1 0 0 0
9003 4 437  1 1 0 1
9004 4 145  1 0 0 0
9005 4 563  1 1 1 1
9006 4 237  1 1 0 0
9007 4 97  1 1 0 0
9008 4 235  1 0 0 0
9009 4 185  1 0 1 0
9010 4 290  1 1 1 0
9011 4 459  1 0 0 1
9012 4 325  1 1 1 0
9013 4 405  1 1 1 0
9014 4 388  1 1 1 0
9015 4 107  1 0 0 0
9016 4 250  1 1 0 0
9017 4 306  1 0 1 0
9018 4 218  1 0 0 0
9019 4 103  1 0 0 0
9020 4 229  1 0 0 0
9021 4 496  1 1 1 1
9022 4 286  1 1 0 0
9023 4 387  1 0 1 1
9024 4 156  1 0 0 0
9025 4 295  1 1 0 0
9026 4 512  1 1 1 0
9027 4 181  1 1 0 1
9028 4 288  1 1 0 1
9029 4 372  1 0 1 1
9030 4 223  1 0 0 1
9031 4 287  1 1 0 0
9032 4 292  1 1 1 0
9033 4 100  1 1 0 1
9034 4 253  1 0 0 0
9035 4 469  1 1 0 1
9036 4 584  1 1 1 1
9037 4 147  1 1 0 1
9038 4 251  1 0 1 0
9039 4 74  1 0 0 0
9040 4 314  1 0 1 1
9041 4 291  1 1 1 0
9042 4 437  1 0 1 1
9043 4 252  1 1 1 0
9044 4 471  1 1 1 0
9045 4 240  1 0 0 0
9046 4 217  1 1 1 0
9047 4 285  1 1 0 0
9048 4 133  1 1 0 0
9049 4 268  1 1 0 0
