1600 5364 794 1446
264 1007 9
780 1554 11
801 1389 13
1199 322 1
154 456 4
791 1199 2
124 746 18
427 557 8
1140 1266 16
579 215 15
208 780 11
1328 1042 18
906 890 4
195 1088 5
1544 788 18
975 803 13
612 885 2
798 286 12
1467 356 10
636 624 6
1554 1245 13
911 392 5
408 515 7
1401 1233 10
207 1184 7
708 110 4
1007 873 7
791 1029 4
279 670 10
980 110 17
402 412 14
391 599 18
803 613 15
209 1138 15
1396 208 8
1125 764 12
999 1318 9
163 1401 14
424 255 18
292 1396 15
250 913 14
304 740 12
675 167 13
125 409 17
900 279 3
601 1138 8
187 746 13
728 1070 17
289 137 10
791 1277 12
1266 889 19
322 826 5
464 1483 18
1442 237 5
302 283 15
238 1495 10
507 64 15
873 1582 1
302 124 16
890 802 12
1155 209 8
1266 890 19
650 2 18
1450 475 15
1543 111 10
760 171 15
834 324 8
223 890 1
19 187 4
887 873 9
563 1200 7
1138 1449 4
354 1398 16
1426 833 18
283 1474 9
820 1140 1
447 614 12
187 222 15
975 730 7
1398 1396 18
543 603 2
228 1431 10
1474 354 19
220 1115 6
158 218 9
637 536 14
449 1138 2
355 470 9
1318 785 18
1301 987 13
307 1092 18
1041 873 12
227 1599 9
1469 1548 7
222 181 14
375 1426 18
1077 1297 13
131 1251 14
398 1364 5
773 322 17
310 102 14
1003 1238 17
24 772 12
386 319 16
1155 277 15
504 153 18
598 637 10
54 739 12
1431 1483 3
549 681 1
1508 1037 1
282 849 14
693 633 10
390 335 19
23 87 10
184 613 5
1071 537 14
131 625 5
669 1426 4
536 1019 18
625 1535 17
1473 413 5
154 771 1
1554 1266 16
729 991 8
717 293 14
1266 991 15
1361 46 16
1011 1376 2
1029 1398 10
934 1252 7
785 18 1
53 486 18
622 651 13
1261 1578 15
1434 641 10
623 1241 3
153 297 13
322 1188 6
34 413 10
18 1262 4
1030 1414 12
1389 1245 5
1340 452 15
1003 771 19
366 302 8
806 349 14
641 18 4
279 760 14
1033 1244 1
739 215 13
416 1086 1
1396 1038 4
319 1123 18
1580 1075 10
228 319 16
437 257 13
394 323 19
678 1266 2
1233 804 14
1107 1426 7
1280 363 10
652 225 2
246 1155 16
246 131 11
702 843 17
1252 906 3
225 1401 9
456 1030 17
772 1427 2
1455 739 7
999 642 9
687 210 12
625 1045 12
225 804 1
1426 536 1
1251 625 2
1474 265 6
1446 880 13
1155 131 11
208 363 10
1580 152 19
124 1548 12
1545 290 13
880 244 14
261 243 18
1449 392 18
1235 1482 7
1280 1269 17
306 375 1
747 1105 5
161 1500 15
890 510 19
1138 1107 4
187 394 6
1129 250 9
800 474 19
209 1338 6
1456 256 7
1041 906 6
265 1148 12
739 579 16
1038 493 17
493 283 7
666 428 18
534 854 2
906 243 16
1535 1494 18
762 392 5
867 1180 8
692 46 6
194 306 4
1041 801 3
196 1017 7
1045 1138 12
536 1449 14
575 610 12
394 322 14
113 1061 16
105 1212 16
780 1466 7
493 746 3
811 1044 8
1416 436 10
265 1587 1
48 1013 15
1299 1593 2
1138 392 18
270 1576 12
391 780 5
208 1389 4
1145 720 3
1098 609 15
1108 917 7
1535 601 4
1576 235 15
210 194 11
1176 599 19
1414 87 6
739 1295 9
153 728 7
277 1104 16
290 1017 10
1504 820 18
1134 1099 3
693 599 14
1529 771 15
504 430 18
1038 172 11
179 996 19
638 1304 3
1041 1252 12
390 194 19
187 283 13
794 985 4
1587 510 11
999 917 6
1296 1103 3
579 601 1
842 1095 3
1474 363 10
891 1221 8
1087 804 15
1270 1198 12
249 1498 16
1019 616 10
1305 1080 13
1587 1142 1
84 1344 8
319 246 19
304 1318 9
1508 1232 18
835 804 5
1466 906 8
496 1329 18
900 208 13
642 1019 11
1189 1591 3
59 1284 11
297 1070 2
835 613 14
125 861 7
791 1102 4
1305 678 1
833 1209 4
1561 1086 12
632 223 7
534 23 11
1297 1123 14
917 210 18
652 54 3
1017 804 6
728 880 8
1155 669 3
1029 265 9
1233 116 3
1077 543 2
270 1037 7
772 1389 1
307 579 12
413 292 12
1466 1041 16
1504 124 9
1064 454 9
622 652 15
1384 581 17
493 772 17
1469 24 9
1178 1566 16
1070 409 12
1159 244 10
598 641 15
1038 354 7
215 1570 13
801 261 5
335 983 11
1241 1431 1
1238 360 4
628 1025 1
510 780 15
449 1209 19
780 243 9
1176 146 18
616 375 16
1434 1138 18
1123 246 1
1353 1386 11
144 1314 17
390 2 3
511 950 13
779 1205 11
610 531 16
1446 1070 7
413 1427 4
1325 740 2
1104 1320 10
787 270 18
34 826 4
302 1398 4
804 146 5
1377 632 19
181 366 4
1568 1374 3
1389 1568 12
693 1431 9
1233 196 13
637 1434 11
1145 1160 13
1061 1351 14
548 242 5
652 603 17
577 909 6
983 1108 2
536 1320 2
921 1502 19
917 436 5
2 1475 17
892 1466 8
878 322 1
734 235 8
295 628 15
1377 1427 6
724 1364 18
456 669 4
1473 366 14
246 543 16
29 633 17
616 436 15
890 1377 3
601 534 3
1571 451 11
283 1473 19
1245 1377 14
375 1104 16
1252 873 12
801 1245 3
1241 652 1
632 1587 13
906 279 13
1416 200 14
34 1508 19
1199 257 3
413 1232 15
504 125 14
880 297 7
1570 464 15
556 687 5
943 1220 5
246 228 15
859 536 13
766 1159 18
634 463 8
268 150 7
1293 1093 3
323 181 1
1083 54 4
409 244 10
1295 1123 11
914 301 17
1038 1105 17
26 954 4
1150 169 3
1389 1377 14
1155 859 14
1545 261 15
695 213 17
290 1460 6
1017 29 8
1007 171 14
1232 265 17
625 636 16
1576 322 9
999 785 3
1148 43 3
599 620 6
1199 1508 4
507 1454 14
1449 981 4
375 18 3
325 533 5
1533 99 8
96 1205 14
1548 24 5
1231 368 14
1077 622 18
1114 931 2
1416 1138 5
1545 906 1
669 534 17
124 1377 16
528 1560 15
794 306 12
999 419 3
1209 854 8
370 826 12
1277 158 9
917 375 11
1261 1234 1
760 801 16
1466 146 6
1155 1092 11
687 913 7
1368 265 13
1446 728 9
223 1148 7
1377 43 13
540 1183 5
196 652 18
481 1237 4
991 780 13
29 903 9
998 597 9
1455 23 13
518 194 12
598 226 2
75 129 1
1280 906 7
488 97 19
1354 646 8
983 687 8
601 87 6
80 1037 1
25 1532 13
1083 543 12
181 158 4
301 425 7
706 864 8
773 1085 10
1397 688 17
215 534 6
100 791 2
23 1529 2
722 967 11
1191 241 17
322 746 7
34 292 14
153 411 7
244 411 15
1570 1455 8
1019 1318 14
1267 1443 7
309 1171 3
1229 1004 11
222 332 4
50 1550 11
472 1256 12
642 650 8
739 771 9
124 80 8
1427 1037 17
801 1554 9
982 648 19
598 911 3
794 1067 11
1007 1017 19
1449 1107 8
652 1083 1
1587 208 11
259 483 19
1338 461 15
221 123 13
1232 1427 6
1447 1572 6
1337 198 2
1401 633 3
525 928 12
240 346 2
2 1434 5
1398 787 8
1302 555 12
616 911 3
1077 1083 12
890 632 14
43 208 5
1349 1400 1
651 1455 9
698 61 5
970 866 9
848 691 17
404 854 1
121 477 17
1320 392 13
283 1179 3
543 579 13
1188 52 18
1176 1545 7
87 1003 14
215 464 14
833 209 13
264 889 10
29 1483 1
354 729 16
546 473 14
223 510 17
1045 1416 12
1454 312 13
510 1140 7
704 707 9
1003 246 11
1007 1233 7
804 1297 1
335 1434 4
677 734 18
1017 1466 17
1469 1396 11
208 1142 19
693 1252 14
1469 1377 13
853 1223 18
1083 887 5
297 19 3
598 917 15
366 100 5
766 409 16
1320 194 1
200 911 4
616 335 10
925 192 6
1423 633 15
854 209 2
146 163 11
284 1564 2
825 1554 12
1219 592 13
1252 739 17
543 1295 10
1445 904 1
678 566 16
1431 1252 9
93 1490 8
760 892 17
586 171 4
1241 184 7
1045 1108 6
1063 68 7
1162 369 7
1549 602 15
1123 1496 14
1340 1176 5
523 1527 11
518 335 17
734 1070 6
186 895 5
215 1123 19
23 1030 14
579 1241 10
1083 464 13
172 510 16
270 158 18
1414 601 10
1297 739 8
340 1441 18
411 188 4
382 743 3
446 1423 12
1529 54 3
270 1159 19
642 518 6
201 442 6
116 633 10
217 675 13
1455 1431 19
892 934 19
209 1209 2
801 116 1
1295 601 14
917 250 9
1426 1320 6
1320 1449 3
613 1077 9
780 890 15
991 265 8
636 536 1
1209 154 7
1570 1297 12
1557 1478 4
1111 494 16
33 319 3
172 43 5
801 890 6
500 673 2
1547 851 7
1122 716 10
534 131 1
1483 803 2
892 1545 13
196 439 17
1019 485 19
677 773 16
892 171 11
409 332 1
1587 172 2
670 261 16
1021 304 8
322 1232 12
1570 1483 9
632 510 17
1434 598 17
760 264 12
297 493 18
1108 911 15
598 250 2
1038 635 11
485 785 1
34 158 2
439 1401 16
930 439 8
1037 34 2
1241 228 7
1181 556 16
703 384 5
1396 1474 16
858 94 13
79 144 12
650 598 18
833 1416 18
1426 226 3
1123 1030 10
705 867 12
1003 1535 16
225 1041 2
1087 1176 16
124 1142 17
1529 1295 11
1338 833 17
1287 1352 17
319 1295 1
100 1477 10
292 283 4
375 833 7
1102 323 6
1241 543 16
1113 1141 18
181 1159 7
1280 290 13
292 1148 8
1038 1029 1
1104 625 13
307 534 10
650 210 19
981 1138 12
283 100 14
196 1087 2
1389 243 8
1262 1325 13
813 1570 7
13 670 4
1252 196 11
890 391 14
302 1396 3
969 401 13
1529 131 11
1508 746 16
1312 791 1
52 100 1
1473 394 14
1475 1542 3
1104 598 1
391 510 17
38 402 1
556 616 1
6 1113 12
116 889 3
1028 621 5
366 1277 10
1469 265 16
236 506 11
1434 616 12
1148 1396 7
1102 1576 9
672 359 18
194 250 4
1227 1277 12
579 1414 10
981 456 4
395 274 11
18 536 4
43 1398 7
283 19 19
1529 601 5
1416 1209 10
677 1102 2
536 911 1
793 1131 14
52 1474 19
1418 542 18
913 983 19
693 1176 16
290 693 7
354 510 8
1408 921 10
214 1314 16
1341 808 13
906 1176 6
1232 80 10
636 2 18
1106 640 10
223 1377 13
1140 208 5
279 1280 1
1466 261 14
1230 494 1
880 430 13
332 430 5
1548 1474 13
613 1252 7
1188 878 16
1123 543 16
215 1083 5
1466 116 17
1427 1038 8
536 1104 8
1569 128 2
1165 1510 8
146 906 4
2 911 8
504 437 8
215 54 16
779 777 4
153 734 19
642 1307 17
1576 880 7
518 1318 19
880 1119 19
603 1123 15
1181 1325 17
669 1449 18
264 1033 1
938 65 12
543 307 7
124 772 9
394 235 4
257 773 19
838 292 9
1006 1178 16
873 1176 4
1414 386 3
1474 729 3
906 892 17
926 1214 8
485 250 15
635 1148 19
277 601 7
1362 1480 6
1483 1460 9
675 655 17
371 747 15
651 1460 17
1275 417 17
270 1277 13
1325 999 11
746 1159 5
999 1262 16
461 854 7
603 1483 4
687 1325 4
319 1077 11
791 52 15
1083 1570 15
878 302 18
1155 1209 18
911 1320 1
787 124 4
632 391 15
209 1107 11
859 625 12
194 911 10
601 464 17
1181 999 4
1466 801 9
1325 650 2
290 906 5
290 873 15
1377 172 17
476 1396 7
1108 2 11
449 226 5
188 880 11
771 246 3
172 890 19
625 641 14
1107 456 7
165 539 16
1245 1504 14
1123 1570 13
1473 1548 18
651 1083 6
656 1228 16
158 19 15
87 246 5
208 1245 2
1092 854 18
1174 456 3
210 785 9
100 394 4
650 250 14
623 439 12
323 322 16
936 683 6
889 599 8
1121 155 11
983 985 3
780 1176 9
1297 1241 5
1473 1029 11
579 228 10
835 386 17
741 1495 3
880 1070 10
262 828 18
160 305 5
835 87 10
1262 304 6
1108 210 16
820 599 2
692 732 5
1545 633 14
430 1102 1
859 1107 18
1548 223 17
1469 632 9
323 1508 1
18 1181 7
652 215 18
437 1070 19
1474 1587 7
98 1432 15
394 218 13
1070 235 15
1529 579 6
820 900 18
1235 527 3
1474 1427 11
826 158 1
1118 1447 19
100 734 2
299 1517 15
836 299 18
693 1007 15
208 243 12
991 172 14
330 180 6
530 22 19
1186 294 17
731 1016 15
739 464 3
1252 116 4
218 787 10
215 1241 8
641 1181 16
1303 1291 13
1460 804 16
794 1318 18
1295 154 16
1504 1396 2
283 218 13
26 727 5
277 1036 19
181 766 3
23 386 3
734 1102 19
1521 593 11
461 209 6
906 889 12
1318 983 2
1040 538 5
780 172 5
1405 1350 7
1280 1041 14
391 760 10
1473 1188 11
119 818 15
780 223 9
381 436 10
337 629 10
23 1083 13
1129 1268 8
250 637 3
1036 601 19
1250 37 2
146 261 17
174 1481 17
746 1037 13
367 1100 16
465 1541 9
636 833 1
366 322 13
82 1495 14
1007 1041 15
1338 1251 2
1234 535 8
988 1371 13
983 250 19
677 411 3
1377 1398 2
766 1446 14
873 633 17
734 409 1
319 1030 4
1426 436 19
510 261 6
1251 461 9
131 461 17
1076 1282 5
302 772 12
833 131 3
785 304 14
408 423 19
319 622 6
187 153 5
319 613 16
470 1004 13
1005 649 3
222 880 15
687 250 7
804 739 7
716 280 5
184 1233 13
390 1434 10
1122 73 8
18 1434 14
454 410 17
1038 24 18
652 1483 9
1483 622 2
1007 633 1
545 79 8
510 892 1
642 1318 15
406 953 8
565 1069 13
1535 1030 8
1153 1144 9
622 1147 5
1108 859 13
1446 773 11
784 70 14
1548 363 17
125 728 14
1309 1167 17
1148 80 5
1303 258 18
19 366 17
1092 209 17
637 556 5
1554 892 1
1251 386 17
1017 1087 15
116 670 9
934 801 2
934 146 18
187 734 4
80 493 9
872 1453 4
430 728 19
1104 226 12
261 236 2
1466 264 19
911 436 12
18 983 5
1537 1132 9
1545 116 9
794 304 5
461 1535 14
947 772 6
376 1128 16
613 651 15
153 1277 6
279 1176 8
746 878 6
87 307 16
485 985 9
10 710 7
556 390 10
436 226 15
1226 1019 8
1325 985 9
1545 889 8
257 1070 4
1399 799 11
135 175 6
625 1426 14
264 633 17
1199 297 3
1425 1276 17
773 332 4
354 632 15
1561 1586 5
803 652 18
287 671 9
52 1398 9
1077 803 9
848 1051 18
1570 622 5
435 219 18
913 1104 2
1466 693 1
1449 1416 14
1469 1554 14
1032 199 6
1140 1587 7
771 1030 11
1224 1565 4
641 1155 7
1577 1454 11
694 551 11
1533 1437 18
1367 478 2
1282 193 8
196 1041 9
370 1452 12
1449 277 16
1184 1462 5
1102 409 14
1142 729 7
1241 1083 11
991 1389 3
323 297 17
1232 283 12
1104 859 14
1478 1124 3
225 1252 11
458 1437 1
184 1017 19
199 1516 6
728 1102 15
196 613 2
1050 68 3
226 1045 2
1320 669 2
292 394 19
807 1162 2
1251 860 6
878 1398 7
1449 461 14
187 34 5
209 307 5
802 1193 2
1504 1377 8
1138 131 7
1142 1232 14
771 1241 19
1087 1401 17
1098 130 7
388 568 16
635 172 4
386 367 18
1108 335 11
277 674 8
1280 172 15
302 394 6
826 153 7
353 1173 19
706 212 7
187 100 17
892 1233 2
613 623 4
1433 465 2
985 650 9
1003 154 4
3 525 6
791 1232 16
153 773 2
500 805 2
1262 642 15
934 1460 11
806 412 12
504 1471 2
1473 322 17
1323 1043 2
18 518 5
911 1356 5
257 34 5
787 791 12
1083 225 10
1474 1398 9
243 354 16
411 880 9
1176 261 19
1416 456 13
102 1441 5
1312 394 12
1181 390 16
781 353 5
1542 1234 8
65 960 1
47 133 15
210 250 4
1037 413 3
264 279 3
900 693 7
1460 116 2
1273 603 18
1233 1176 1
43 1188 11
1548 1038 15
354 1473 12
257 1102 8
265 1427 11
914 1253 11
246 464 18
1280 1466 18
1356 709 4
143 1163 15
911 1426 17
23 603 18
889 780 9
854 87 10
740 650 2
394 283 11
1496 1333 16
637 210 18
172 363 2
1404 997 5
556 335 10
185 1286 1
43 1140 19
1148 890 15
491 1456 2
944 494 19
870 657 8
52 1427 8
217 1179 13
772 292 2
726 1150 13
1262 687 7
900 1266 1
1378 1178 2
495 1153 15
944 365 8
613 29 12
1029 1312 15
1148 24 17
1535 23 15
1125 83 7
1158 779 2
1073 329 8
651 1483 9
366 493 8
335 1019 12
1233 1466 7
1503 1089 16
1279 594 17
392 1434 6
196 1297 2
146 670 6
801 1545 11
729 1140 10
999 740 1
363 1389 18
222 773 5
556 917 15
1535 1416 13
1058 188 10
1524 516 8
1396 1029 4
739 1077 17
43 178 19
461 669 10
1383 1178 9
622 613 18
36 1089 7
1389 510 7
619 676 8
43 772 8
591 775 6
1528 1502 8
1058 125 17
983 642 8
1266 208 13
1007 780 7
829 389 8
101 659 11
1002 829 18
74 412 10
378 483 15
1415 1074 12
599 510 19
126 1281 13
1474 43 19
1041 622 14
1545 1266 2
196 1483 12
1478 403 13
413 1312 5
773 125 12
1052 382 2
340 875 13
1241 603 7
632 265 2
461 1209 7
402 510 18
633 780 2
302 787 11
719 104 5
633 1466 4
255 966 9
1141 653 10
1147 1451 3
1046 1164 6
1142 292 16
1367 246 2
306 556 13
887 613 16
52 283 4
1357 278 19
669 1030 3
552 973 17
246 456 5
677 1446 18
1446 504 18
304 18 9
1148 1142 6
734 437 11
1349 288 16
449 641 1
913 917 14
1413 505 10
729 1266 19
1102 187 3
958 523 4
1516 1131 10
1226 304 4
131 669 3
579 319 11
223 73 13
981 390 13
1148 354 12
208 1280 3
80 632 14
226 616 2
773 1070 17
461 1104 16
1107 461 18
1209 1036 1
302 52 3
250 616 7
18 642 13
1399 995 10
163 1233 5
599 290 7
934 1081 12
386 854 18
298 35 18
929 1531 6
929 576 4
625 669 15
18 1325 16
225 1545 6
803 622 8
567 272 4
171 934 3
461 277 9
407 1156 2
1548 632 9
729 1587 15
52 1012 1
939 774 8
270 187 17
1186 932 9
1003 1030 1
181 1070 19
306 518 16
100 1159 2
168 517 15
981 650 19
209 449 17
1142 1473 2
1338 386 4
100 1576 12
438 1350 3
953 852 15
223 820 13
579 87 8
317 818 14
1239 963 6
153 1199 19
52 878 17
297 158 2
2 335 7
796 5 9
391 172 14
740 1318 9
701 1096 5
414 1079 6
487 776 6
270 257 14
1092 579 2
1036 461 2
366 218 2
878 218 11
1030 1092 14
264 599 16
163 693 1
1514 616 12
23 215 9
1277 878 12
292 19 2
739 1431 9
1325 210 17
277 669 11
1570 543 4
2 859 5
1587 760 10
1587 1504 4
787 1548 7
322 1312 13
518 1226 1
1338 456 3
543 534 16
1338 1092 12
874 1394 15
257 153 9
607 947 16
1377 772 16
651 873 12
739 603 13
456 1155 15
906 991 17
222 734 4
194 556 15
510 1245 9
1556 771 5
729 1469 6
54 613 19
1549 197 8
616 210 11
1316 1367 9
759 765 3
1486 1477 1
780 1545 4
1364 881 6
1183 1299 18
350 589 4
878 978 5
833 669 15
601 1126 15
153 1070 14
1155 1251 3
1553 1067 5
1554 599 1
903 837 17
1188 413 6
235 1277 1
1007 146 12
536 277 8
235 153 17
181 34 14
1262 650 10
903 1582 7
1123 534 1
1224 1475 14
1251 833 4
1104 449 7
184 1401 9
1070 332 6
887 1077 6
773 181 16
456 1092 12
983 637 14
1087 1083 6
246 1535 9
1460 225 14
80 772 18
1241 1483 2
728 923 3
543 87 12
892 116 12
543 1431 12
791 124 16
1092 1036 12
1140 1280 5
651 835 17
171 116 1
772 1469 3
1077 1431 6
375 911 15
354 1142 2
1552 1248 6
1443 1462 1
1485 600 3
1395 213 5
1427 43 13
1474 1473 10
19 1188 3
394 746 5
1029 124 1
1148 1037 2
1041 439 5
307 386 17
1045 1251 7
29 1545 18
1396 243 8
146 1252 18
1426 390 17
257 413 19
1038 80 15
1500 975 14
250 985 2
366 787 6
650 375 3
1556 1459 19
1140 1389 3
1285 1313 6
149 157 12
392 1104 6
603 228 1
1598 1248 6
470 1165 10
1523 479 8
1036 1104 4
449 1426 1
437 153 6
1216 492 5
1041 803 7
654 1170 10
1225 1381 4
464 1529 10
170 576 10
1414 154 17
1312 52 14
787 187 12
250 1181 2
1159 881 1
579 1295 4
825 1080 13
1446 188 13
1087 1570 5
459 647 18
439 1252 10
622 835 12
277 154 4
1092 277 19
1006 977 14
1387 783 8
646 1517 19
449 911 7
651 803 4
1427 292 18
1078 770 16
1091 190 19
728 332 13
1188 772 17
306 1318 12
841 108 3
1184 1185 19
1199 323 8
638 1219 1
1392 383 11
187 218 15
1596 140 9
188 125 9
739 319 13
650 641 14
323 880 8
148 884 19
116 906 8
935 465 13
1473 1427 14
270 34 14
734 322 15
52 1504 6
1209 1338 5
510 991 7
510 801 11
461 456 13
100 1037 3
512 402 1
1003 1529 3
1504 1469 2
846 1276 2
847 109 7
708 20 2
652 771 8
369 1204 10
680 445 1
820 1548 2
354 172 13
409 1446 1
485 306 14
1232 52 4
213 1519 16
1138 1036 5
1233 225 6
1104 1045 11
464 87 4
1258 1099 13
1069 1587 11
47 729 2
430 1058 10
760 510 13
675 1202 11
307 1241 14
410 380 11
1441 440 5
1155 486 6
552 871 4
1389 1266 9
88 755 14
1505 298 19
290 225 1
434 959 6
1233 1087 12
543 1030 11
297 394 10
158 1159 3
1245 890 1
895 857 8
1290 846 17
1545 757 9
391 900 18
741 756 6
244 430 8
1148 820 19
650 1318 18
34 878 10
1030 307 17
1469 243 11
306 913 15
10 8 12
216 764 5
264 261 1
558 567 2
203 904 4
1167 711 12
999 650 17
724 498 18
1470 662 4
1405 1322 14
739 623 12
292 1398 19
1559 694 8
23 579 13
469 789 8
1019 1181 9
955 413 2
24 223 12
678 968 4
1389 354 5
1505 1208 16
332 677 7
613 1241 2
665 647 4
1185 31 11
1535 771 19
257 19 1
652 1087 18
322 257 11
620 1435 13
1188 1427 15
1070 244 8
1295 23 4
1115 739 10
232 828 18
392 1107 5
1419 937 11
1504 493 3
1554 890 6
1188 1037 1
1527 183 10
225 1466 16
100 19 7
1042 247 18
1396 820 15
918 36 5
1431 613 4
1140 890 10
279 991 10
833 911 8
1599 423 8
464 1003 5
1209 1449 13
1434 1108 6
1412 1492 7
1108 636 13
743 635 5
794 687 3
244 437 16
226 375 3
358 309 12
392 226 6
1233 1280 1
1361 151 14
163 652 5
332 880 6
250 518 12
1570 835 12
1362 211 16
1090 330 4
1397 1335 10
449 436 11
598 536 7
1440 651 18
888 1363 5
854 579 12
1560 309 12
1554 510 17
1310 138 3
543 623 6
390 200 1
536 641 14
30 561 4
490 380 2
734 270 4
1478 952 5
627 1263 14
1460 835 18
1017 225 10
625 1036 6
24 1474 4
72 313 6
824 974 17
1342 664 3
1209 1535 11
100 826 12
307 854 7
453 1523 17
1320 598 6
868 788 13
878 1473 9
1338 258 5
390 1036 18
19 878 18
957 1511 8
873 1460 19
603 215 9
736 825 5
215 613 6
19 1037 15
581 1323 9
436 833 15
1393 1511 6
518 637 17
1019 210 13
633 801 9
129 757 5
1148 1377 11
1104 209 16
1444 1548 14
1583 993 4
1444 234 6
1059 111 7
635 632 6
29 1460 2
1017 613 5
1377 363 12
1138 461 18
302 1142 3
780 264 19
991 670 5
200 375 1
265 1312 15
172 729 16
787 746 5
115 1569 18
598 556 2
154 854 3
146 225 1
292 24 3
298 972 6
1140 1548 12
593 200 5
47 634 4
246 1414 2
210 983 15
409 257 5
188 332 14
1360 972 4
709 775 5
147 1506 17
1251 449 11
235 878 19
366 600 13
1095 1051 18
1292 486 12
14 868 1
1416 981 2
752 611 9
1181 637 2
548 225 6
125 323 18
264 801 11
599 1280 15
652 887 13
141 1261 5
1262 27 13
1474 124 16
1398 493 9
218 1232 4
270 292 10
643 1205 18
518 210 19
246 154 2
29 887 6
1570 1295 4
772 1037 3
386 87 9
290 801 14
464 228 3
111 431 2
899 80 13
772 1038 14
1174 976 7
246 461 14
766 125 18
934 261 9
1483 804 17
1232 1029 13
994 1252 13
302 1473 16
1188 1029 1
250 556 10
181 734 16
1092 833 5
1576 504 4
685 1306 15
1566 1055 10
928 404 14
804 622 4
687 1019 2
878 1312 6
430 188 16
1531 861 10
772 1232 1
720 1005 13
766 677 7
746 52 1
1587 223 11
828 387 5
457 1551 13
1497 817 2
820 510 17
1483 1087 6
325 694 18
803 29 11
729 760 14
1312 19 5
887 1460 19
1446 411 11
739 1123 3
150 85 14
803 184 13
277 386 6
815 639 15
124 283 5
116 760 15
1098 1260 14
123 1132 2
1083 196 12
873 225 12
641 1045 15
1083 613 8
226 1107 15
728 1058 19
88 821 18
135 111 7
1474 1038 11
820 729 8
244 125 14
411 1102 15
1188 265 13
1389 820 2
1396 223 10
279 633 15
896 129 9
1231 95 17
218 1576 2
616 650 17
1127 191 4
1142 363 9
601 1003 6
740 1262 4
760 349 10
892 890 19
999 556 3
637 194 5
332 1446 2
1600 1308 14
1427 366 16
892 1245 15
760 1377 5
413 493 8
1194 1153 17
571 216 15
1232 787 18
1445 923 13
1535 277 5
223 265 16
900 1466 14
354 363 3
415 301 7
1275 1265 9
1064 1376 2
1236 1551 7
279 801 17
739 613 4
449 859 16
981 226 1
1384 1379 9
154 833 1
1108 981 2
1061 343 5
635 1142 4
302 1029 5
1087 603 18
10 1407 2
1558 955 18
131 636 17
137 1406 9
906 1401 8
1159 773 6
1338 534 1
96 1008 10
1570 184 9
579 623 10
1045 1036 15
225 1087 7
1017 1483 11
436 1104 1
292 1029 11
485 983 1
636 436 14
323 1159 15
863 961 12
1045 669 6
636 1434 15
218 100 11
210 1181 8
1554 1389 15
791 1037 5
1085 1498 13
1545 1233 15
235 322 14
1413 299 3
342 1544 2
29 804 5
892 223 12
124 394 17
181 322 11
987 1530 6
991 889 7
1037 283 1
461 87 8
208 1548 12
390 637 1
228 1123 13
394 878 16
439 804 9
251 936 1
1427 1548 13
748 946 9
878 1037 8
573 1367 12
286 776 17
1143 1214 15
833 641 5
1159 734 8
1416 636 19
188 734 7
1198 1223 9
685 715 16
188 728 1
1142 1474 11
208 1504 1
1320 226 18
636 1107 18
163 1017 2
1326 195 12
598 335 16
100 1188 11
1508 235 5
999 985 4
146 652 11
1419 617 17
911 335 1
1249 785 9
34 1322 16
172 1548 1
623 1087 1
23 835 9
1007 906 5
1058 1446 15
118 394 7
122 400 10
1407 1271 17
261 171 3
804 1386 4
444 443 18
1123 54 6
826 222 8
551 1254 18
687 18 10
493 791 12
1396 265 9
781 226 16
181 826 17
518 1262 9
430 257 6
1043 1031 10
1312 1473 10
534 87 15
1377 991 3
228 1077 13
392 1155 5
746 413 13
154 1529 19
654 943 10
766 1544 14
613 1460 2
413 322 4
1295 1083 5
900 801 7
518 1550 10
223 363 18
386 1123 17
981 200 16
734 766 5
1210 677 3
29 873 17
1452 1365 4
64 1350 17
934 1233 16
511 1509 6
19 1576 10
1361 808 10
80 791 11
923 192 11
892 670 3
456 601 12
579 1030 1
1123 854 2
1003 131 14
194 1434 18
272 1009 9
187 366 19
172 1474 12
1007 116 9
244 734 1
876 584 13
306 911 16
1108 641 4
376 1126 5
852 1035 2
292 1473 7
307 54 7
37 1104 7
1570 23 8
225 693 8
1104 1251 10
466 417 8
430 1199 2
794 785 16
650 917 14
603 1529 13
1138 1251 12
1535 1529 3
1148 632 18
163 439 18
859 911 12
116 1266 15
1277 100 14
1426 392 9
1297 613 7
208 354 11
734 504 1
1117 1407 8
1199 878 18
1107 833 17
1434 226 3
270 366 12
1507 220 2
1504 635 10
1045 1426 7
23 1414 18
2 1104 18
1226 210 8
336 291 11
1484 997 6
254 267 8
1077 215 11
1377 208 7
746 218 4
879 574 3
803 439 9
163 1460 2
803 1545 14
257 1576 19
264 991 14
1019 983 13
24 1398 18
635 363 3
947 1368 17
322 1277 18
1436 1395 7
29 1431 9
146 1017 14
1576 297 16
690 1061 2
1107 1416 13
351 60 4
622 1460 16
1108 637 10
1046 90 14
222 437 17
1572 1249 10
87 1123 16
1545 243 7
1529 854 12
210 1434 3
1142 265 7
766 1070 14
1295 1003 17
236 231 17
1508 257 10
409 193 15
23 739 11
579 456 12
641 226 9
1372 1130 16
1295 307 4
603 1431 9
1535 54 15
270 283 6
1297 623 17
279 1517 19
599 991 18
603 1295 17
892 900 5
1483 54 6
302 1504 2
1159 880 14
116 934 3
1570 319 14
1159 409 10
1325 1226 4
1241 739 16
332 1102 15
1294 876 5
1045 981 18
363 510 18
1142 1396 5
1155 154 19
1045 436 13
900 1176 18
244 332 15
1140 991 5
625 209 1
631 294 8
1320 1138 11
766 332 12
635 208 11
1325 1318 6
379 1131 2
1102 222 14
1017 693 9
1320 636 19
754 945 1
1558 956 7
1504 1148 12
80 1474 16
1555 360 5
228 534 15
270 791 11
394 43 9
510 729 1
43 124 17
1058 437 4
1138 1155 2
218 34 17
887 163 4
942 194 16
1320 1019 16
125 153 11
1312 746 1
820 1280 18
277 636 10
1107 151 10
1570 1077 1
771 835 11
1155 1416 18
1211 1301 15
859 200 3
132 782 2
1119 1387 7
456 1251 3
983 688 13
235 270 4
929 1332 7
1036 854 5
265 52 3
1241 887 18
826 878 15
1336 783 6
538 862 11
632 1038 19
468 1136 2
691 1027 19
52 1473 17
1545 1554 16
461 154 10
657 527 10
1554 171 16
791 1038 12
1277 1159 6
1529 87 17
603 319 4
1181 1434 19
87 1535 8
363 1038 15
335 250 2
632 1396 16
714 724 16
437 766 13
801 495 4
1189 237 13
693 510 16
746 1576 8
1453 489 10
1083 1483 19
1338 1155 6
55 67 18
283 1038 6
504 1058 9
1176 760 5
1550 831 6
453 589 18
1226 785 12
1320 913 10
386 1155 7
1108 485 12
42 443 15
1232 878 4
1431 1017 1
354 1587 2
991 892 5
292 1188 2
41 365 14
881 532 19
2 1181 14
1449 1104 2
787 24 1
181 297 9
1529 246 7
73 463 15
734 880 12
23 464 16
636 641 13
892 1280 17
1289 903 19
363 760 19
642 740 5
1017 439 16
283 772 18
906 264 18
171 670 2
72 687 13
623 1460 13
637 913 13
787 1188 4
12 333 18
187 1159 3
1 816 6
1320 1434 9
124 1427 12
791 283 8
304 250 5
1477 39 1
549 239 2
1246 329 14
1474 208 18
304 1019 10
887 439 14
1222 1174 3
391 1280 10
504 409 10
917 911 4
392 375 9
24 52 4
184 225 8
196 835 1
703 1331 3
205 235 16
306 1325 4
1434 917 7
109 1216 6
411 1159 1
1283 1576 19
1232 124 8
1041 116 6
146 887 3
394 1037 2
1325 1019 16
990 98 15
647 1143 14
994 765 13
534 386 3
1398 635 10
1318 210 6
306 687 8
194 375 19
18 390 11
518 983 17
181 430 10
602 813 1
279 1554 12
725 49 19
1460 184 17
543 613 4
623 835 16
601 246 7
1451 541 14
1077 934 7
670 196 1
52 1508 5
1474 1377 1
246 534 19
235 188 13
1504 354 11
295 54 1
1044 316 15
416 1452 3
116 225 2
1102 1070 9
1427 635 14
996 908 18
1019 1461 12
632 1554 9
1489 97 14
745 1170 13
1047 1397 7
377 476 11
146 1233 8
392 390 14
1108 536 18
1192 1543 16
390 375 8
771 534 19
1199 158 7
787 1140 15
1037 52 1
622 1297 4
833 1036 9
780 599 19
1097 3 13
1140 1474 8
826 323 16
437 880 4
354 760 3
1411 421 19
336 191 11
70 1075 15
803 623 1
411 409 17
1003 1455 7
1277 1312 13
999 485 2
651 29 2
1280 670 14
1431 439 17
210 485 6
322 187 1
2 913 11
1325 304 1
595 339 16
999 794 6
439 613 3
981 911 12
900 1087 3
802 1568 19
1545 171 2
181 394 10
1019 226 10
1108 625 17
24 1587 2
146 623 7
857 844 9
413 19 18
479 352 14
900 633 13
349 1157 18
464 1414 12
985 304 13
616 983 14
652 319 1
449 534 2
264 1266 2
153 100 12
670 1007 15
166 617 9
1295 771 1
754 590 14
616 518 19
194 785 13
1563 32 16
323 1232 14
794 650 11
1041 934 19
1396 24 14
1466 670 14
171 1466 9
474 596 12
1050 1359 5
200 1138 12
1377 1140 19
1077 835 15
539 1533 7
1233 29 1
1320 2 3
877 63 9
983 911 15
880 1102 8
228 1083 17
1512 1292 13
131 154 15
771 1570 12
1576 734 5
1209 277 10
592 455 17
140 1050 9
254 437 4
464 54 14
1266 1245 18
1338 636 13
562 898 8
323 218 1
1401 1545 2
729 265 7
43 1469 10
623 887 8
1245 1396 11
243 889 11
1396 1266 15
833 1045 19
771 603 9
667 537 12
1017 622 18
390 1108 16
54 246 3
868 1531 10
1545 208 8
411 504 5
1233 906 13
1003 1123 12
1276 363 3
1280 1266 6
1233 887 13
615 973 10
1101 66 1
449 1320 17
536 1045 4
493 605 19
338 229 15
391 820 5
250 1226 4
112 1382 18
1529 534 4
243 1554 6
1028 274 10
959 1416 2
859 1036 11
803 1233 15
24 493 16
437 728 1
23 319 12
906 171 9
223 1389 9
409 100 6
322 297 4
1312 302 1
1243 1474 16
1474 302 8
1257 1129 7
1297 1455 11
277 854 8
1460 1041 7
1092 1416 3
1414 543 11
100 746 16
854 228 11
1165 1020 8
1033 1194 13
1431 623 2
171 290 11
1148 1232 8
810 1249 9
319 1241 14
18 1402 3
1277 394 16
1503 625 11
1348 1138 12
243 264 19
187 791 2
1330 369 5
163 934 11
934 1017 9
196 225 19
1501 665 1
889 171 14
187 826 6
153 766 8
555 245 3
603 1297 11
188 181 3
746 1277 16
611 247 18
466 1456 2
1295 1455 8
1041 693 5
323 158 8
641 1426 1
1232 19 12
23 962 6
335 1181 2
215 87 8
28 234 13
449 200 13
820 208 16
386 601 6
18 740 8
1337 565 6
880 235 18
267 1592 12
1396 1587 3
109 1370 18
965 1202 16
1439 741 12
80 1473 4
999 913 5
635 772 14
1377 219 2
390 1320 8
1068 693 16
172 632 16
1118 1430 4
787 80 10
54 835 1
143 762 10
991 1245 1
428 87 1
1299 827 13
1389 889 2
835 319 14
19 1102 1
913 650 12
226 625 10
671 178 11
534 1535 4
686 942 13
94 1562 6
222 297 13
859 1045 1
1180 498 5
740 794 8
354 1462 4
504 677 17
504 880 5
411 222 12
855 1206 8
934 887 5
1389 264 1
485 740 7
1226 375 2
1281 204 2
299 1435 14
1245 243 17
740 210 11
302 218 1
23 246 10
649 1010 1
478 427 6
409 430 17
52 124 2
332 437 11
622 623 13
78 236 14
24 1037 3
1212 124 1
1257 1371 12
1524 4 8
554 218 13
392 449 7
728 411 2
1401 934 10
981 1320 17
1093 67 19
225 887 15
1473 1504 7
1077 1411 7
625 1107 10
1483 184 18
1072 256 5
125 880 9
981 2 6
1535 1251 1
854 1295 8
1155 1449 15
1576 34 17
601 669 7
7 1166 10
172 1396 10
942 793 10
1249 645 12
277 1338 2
411 437 8
1083 307 1
1141 1481 7
235 1102 6
454 910 12
196 651 13
1460 1233 1
1214 899 5
323 187 4
223 772 6
427 367 8
375 1107 17
766 430 12
117 42 2
223 760 4
1417 459 5
1148 1038 14
449 375 11
1280 510 1
1342 312 18
498 257 18
934 1007 1
833 981 3
789 975 12
1262 785 18
625 833 1
1104 669 11
855 1484 3
100 787 5
1159 34 17
1548 80 13
437 1446 7
1108 556 10
1570 613 9
366 791 19
100 1029 8
243 363 13
246 307 13
820 635 1
917 1019 13
243 890 18
625 1320 6
1157 584 3
222 1070 15
223 635 14
153 1102 19
386 1535 19
981 859 1
1502 931 14
124 292 16
277 1107 2
873 1017 8
1245 1474 19
522 131 10
257 297 7
261 1233 1
693 29 1
773 437 19
1038 1142 7
148 361 4
235 766 15
335 637 1
534 1295 16
785 650 2
734 773 6
623 1401 6
334 375 7
100 772 9
1087 1460 13
1077 196 2
184 1297 6
911 226 14
905 1234 19
669 307 16
1483 1297 18
990 151 8
295 369 17
1029 366 2
195 196 8
613 1455 4
188 222 9
1251 669 17
983 375 7
773 188 14
329 690 18
108 1463 17
791 1159 17
1312 787 14
785 740 2
1389 760 13
1142 80 4
1209 859 19
27 902 10
887 1297 1
308 1577 19
986 1135 5
1017 803 13
244 504 3
200 1036 13
1576 413 13
623 1077 8
228 23 17
281 1050 18
439 1077 5
505 786 18
1044 1094 8
1176 889 18
116 1280 3
386 461 9
687 650 6
309 658 15
648 1013 16
1460 196 5
244 773 15
54 1003 11
1420 680 5
1355 1485 12
72 399 7
1346 1128 17
739 652 12
890 760 18
99 276 8
543 1297 16
326 193 5
652 228 12
728 677 1
673 650 3
209 277 1
385 523 4
633 290 19
257 1058 6
181 257 5
1487 355 2
934 633 4
733 499 12
283 366 14
290 29 2
391 991 9
1370 516 6
188 1199 15
1431 1460 11
205 749 5
372 132 12
940 300 14
194 650 17
623 29 19
373 1581 8
208 223 13
1320 859 13
1548 635 6
172 1140 16
917 194 17
613 771 12
328 1558 17
630 494 13
436 625 6
266 932 1
1529 215 17
1102 181 3
773 504 3
1329 462 7
756 758 12
859 436 12
1467 1152 7
146 633 7
100 413 9
1107 1045 4
1176 1401 10
666 17 14
171 1041 13
335 304 9
835 184 13
1081 491 5
1124 935 13
430 1203 8
878 366 17
257 1277 19
198 1302 14
635 354 16
285 278 5
632 820 8
1092 669 16
1057 410 15
1318 485 6
1426 598 12
518 1019 1
1199 1159 2
54 854 15
1229 162 1
100 297 9
773 1058 2
934 225 8
335 641 5
363 632 17
805 1223 3
93 490 13
854 669 18
613 804 5
787 772 12
930 672 10
291 1440 17
1045 2 15
1482 586 11
246 1570 1
693 934 19
206 1062 14
1232 1473 12
200 616 10
733 1373 4
316 378 7
1570 603 4
510 1469 14
1083 1431 16
1339 901 6
1092 1535 11
1021 627 16
1416 131 3
1396 729 4
19 1199 10
1087 1252 19
1241 804 6
1058 1424 3
456 1003 18
1181 1318 6
889 892 4
210 794 16
889 1140 18
687 999 8
623 1483 6
436 1320 14
613 1087 2
181 1576 9
172 223 17
702 1372 17
1338 131 5
796 1137 12
351 1543 4
518 485 19
746 1029 16
1266 780 18
463 245 6
475 1000 16
297 754 9
529 242 16
1102 322 19
609 1109 1
290 1007 10
1277 413 18
746 791 15
835 652 6
435 661 3
524 1409 16
146 693 8
536 917 15
1578 263 16
264 1545 8
335 794 17
616 1108 11
1389 1280 11
1535 307 7
163 1087 10
1301 27 12
1140 760 11
1108 200 7
1312 1037 5
1138 1209 12
1245 1280 18
780 801 7
1092 1414 13
900 670 5
1221 1024 16
1140 1038 14
625 911 6
1508 1312 12
637 740 17
261 1587 12
319 184 15
24 635 18
270 746 7
235 323 3
1363 1083 4
1017 887 1
601 23 2
917 392 11
603 623 3
632 729 12
850 1440 2
1058 332 17
1252 1401 1
1348 98 2
464 514 3
283 1142 10
366 52 18
1498 526 2
493 1188 13
556 983 6
900 1554 5
1119 1156 16
1587 1245 16
409 773 17
257 187 17
693 1545 17
1030 386 14
917 306 10
1416 449 5
209 1416 8
1401 1466 9
1506 204 1
188 1070 17
303 1528 3
297 773 13
261 1266 3
1203 137 11
1177 1190 13
820 43 10
772 729 18
238 940 19
146 873 11
787 1427 4
598 375 19
1508 19 7
892 801 7
323 677 17
1469 1587 1
794 18 19
687 917 6
1181 616 2
913 981 16
1318 985 17
652 184 8
322 960 10
306 304 11
264 1245 16
449 669 18
766 244 12
603 1003 17
762 1293 9
1007 225 13
100 158 1
608 1452 16
394 493 18
391 934 3
100 878 16
1546 31 9
1102 649 15
124 208 17
939 76 19
375 436 13
1199 394 17
1277 773 18
746 292 17
746 1232 12
436 1036 1
889 1554 2
40 1393 6
911 250 14
1171 988 14
1036 210 15
532 874 18
181 1508 5
211 92 13
184 873 17
334 157 9
731 1539 5
218 181 12
70 216 17
1327 1290 15
452 446 16
1092 1449 19
1036 449 13
327 425 19
1398 1037 15
1199 1576 3
1495 767 19
617 1529 11
279 1007 18
109 938 6
209 1045 14
670 633 5
413 394 1
911 1104 17
131 23 13
1524 1168 13
306 1019 3
917 616 5
1584 1092 10
1102 244 15
603 307 10
726 22 14
98 833 15
1077 1123 12
240 795 13
1416 854 10
833 534 8
1520 1442 18
654 554 4
1036 1338 10
1548 52 8
375 1108 2
787 413 16
1107 200 1
1580 820 19
194 740 11
228 622 3
804 1041 17
283 1029 8
290 892 9
972 981 12
913 194 15
1566 229 14
196 184 19
1038 43 2
1107 1209 8
804 873 10
1188 218 4
880 158 14
693 670 3
896 16 18
392 833 3
461 1045 16
1041 1233 6
348 1139 16
729 1038 14
1277 218 18
668 1275 10
6 849 16
713 159 8
243 152 17
1588 1370 18
889 279 14
889 632 17
1087 1007 18
687 485 7
464 543 3
801 820 9
341 325 19
1108 1104 15
1466 890 3
803 146 12
812 851 16
642 794 7
456 1449 19
1502 1422 11
699 1420 16
1336 1236 1
917 1325 12
1209 601 8
729 1245 17
579 534 2
1087 1297 18
1410 1069 19
307 996 6
311 776 15
1312 100 6
633 1252 14
899 797 16
335 917 3
854 456 1
641 375 1
91 19 5
1325 390 15
1345 460 14
652 676 2
1266 760 8
635 760 7
290 279 14
602 1345 15
1228 1056 1
1108 1181 11
1392 1198 3
1188 283 2
1508 394 2
520 382 19
1318 616 9
878 1576 10
1338 1535 9
436 2 10
622 163 6
787 167 16
689 817 8
1483 439 3
1600 1022 16
635 1474 12
543 319 1
913 335 9
411 125 19
1414 854 12
210 642 10
637 1318 5
18 556 11
603 1083 12
1296 776 12
54 1297 6
456 131 19
1245 1038 12
18 210 4
1511 161 3
307 215 5
518 740 5
1087 873 1
297 826 6
1431 887 7
228 1297 7
622 439 9
1511 185 8
836 320 13
579 1123 7
158 153 17
1111 1279 18
1117 1012 18
1209 386 13
43 265 13
413 124 5
1320 616 15
1233 613 6
114 1379 14
375 1320 16
687 642 4
791 1504 9
235 158 16
637 794 2
1536 263 14
1252 163 16
637 999 18
1112 1375 11
394 270 14
1140 1469 15
661 1004 4
659 613 17
1504 265 10
1019 250 12
959 948 15
983 2 17
92 1317 7
1389 1466 2
187 65 16
859 1251 6
1176 801 1
292 1038 6
534 1092 6
1389 1587 19
1038 1398 11
1587 1148 12
981 1426 11
878 1508 15
623 1083 12
739 154 1
297 409 3
739 228 10
687 637 8
773 323 5
803 196 9
591 480 3
869 1059 18
804 1077 1
543 771 9
598 913 14
27 1067 6
641 1138 5
787 52 4
2 556 6
1007 1545 17
222 504 3
153 1159 2
504 297 8
18 1019 19
43 80 15
892 599 14
633 906 2
1019 999 16
1565 1255 13
1344 368 9
785 250 11
1294 1513 11
1377 24 14
254 750 16
1377 243 11
1401 29 12
791 394 14
390 436 14
642 1226 1
331 583 17
1280 223 1
172 243 6
601 1251 9
1251 209 7
1037 323 8
116 1401 16
292 1232 15
243 1266 9
409 437 5
1018 573 13
331 1076 18
171 225 11
1034 1361 15
1411 77 16
1029 1548 9
279 171 15
1504 363 1
1252 804 12
1460 803 5
892 780 5
1148 6 9
1087 1077 14
1508 1102 4
306 200 6
785 518 6
729 243 4
441 1194 14
689 1457 1
19 153 4
1092 1003 12
1232 1188 1
1529 1414 10
787 493 1
244 188 14
179 579 18
1077 603 19
311 723 2
200 1045 1
1586 432 8
1148 1398 7
34 297 1
1426 1251 4
1466 599 14
265 1548 8
1142 223 11
158 734 2
1226 794 11
302 80 6
390 616 16
785 1325 4
633 1087 17
1187 1292 9
1277 323 8
290 670 12
813 924 13
54 87 18
41 1051 10
934 613 19
187 297 1
223 43 19
208 890 5
1159 188 10
52 218 3
500 1047 2
979 90 15
209 1535 7
1070 125 7
834 1045 6
739 196 1
347 1012 9
951 361 7
146 63 9
756 26 4
253 1391 2
442 308 15
1251 154 3
1466 934 14
599 760 6
319 464 14
1309 1206 1
24 354 16
1434 536 6
153 880 1
277 1414 5
1325 482 15
1545 991 6
767 1573 1
409 1058 19
302 413 16
857 1243 1
163 803 18
1545 1041 19
981 375 17
279 1041 15
993 757 6
1483 873 17
1277 19 17
1251 1209 14
1398 1427 6
1431 1087 19
188 257 10
449 277 9
1030 589 17
420 1351 16
889 510 12
766 1102 15
1017 1233 2
1545 1389 17
154 1338 13
235 181 14
158 773 12
738 97 13
856 1127 17
1585 81 6
1477 507 4
1071 1212 9
1545 1466 2
536 226 6
1398 772 18
391 363 11
780 1280 8
1312 493 9
289 663 6
1203 1149 11
1019 194 10
228 1003 10
302 100 3
1455 228 18
1401 804 3
1107 981 9
780 900 17
1325 250 11
246 579 16
228 835 16
257 100 19
1142 1398 1
592 1147 13
1138 154 17
87 771 14
1368 946 7
900 116 10
734 1277 9
1548 1398 12
1338 1138 2
464 154 14
835 215 19
1199 826 19
697 258 14
734 257 3
222 235 17
1338 449 4
493 19 9
1274 1432 4
502 589 13
426 251 3
674 1178 12
75 906 2
613 1295 18
218 1508 4
760 991 5
1204 695 14
625 456 4
625 1449 16
637 650 3
1259 952 9
332 125 6
1003 307 7
880 181 5
791 265 5
431 872 15
740 250 14
1455 771 5
1155 1036 17
1388 105 1
319 215 5
797 604 7
86 77 19
579 1535 1
1426 335 8
1554 1280 8
687 785 18
598 392 5
430 734 18
444 736 13
32 741 7
534 1030 9
632 1474 7
297 1277 11
87 1209 12
510 171 11
889 391 14
1539 1595 7
184 887 11
1504 1548 15
153 430 8
1029 218 4
43 1389 13
730 672 5
1199 1277 5
1252 290 16
916 1407 10
222 1159 11
1083 1123 8
202 605 11
400 588 8
1001 707 10
45 1388 1
651 804 18
1036 76 15
1525 1569 11
461 1529 11
1138 911 17
290 1087 18
1483 163 11
934 1545 17
1508 791 1
1427 510 2
1245 354 10
518 687 2
663 104 14
1590 1503 12
1415 1284 10
409 323 2
185 790 18
803 1455 14
100 235 13
64 232 6
200 209 15
536 306 6
24 1029 2
1140 632 17
534 319 13
1312 283 17
854 1338 17
393 654 4
290 934 14
213 1248 5
641 390 1
153 409 17
780 1389 6
1554 1140 19
1471 1439 12
205 230 5
728 766 4
436 277 2
1019 650 16
52 292 7
322 34 13
1070 677 18
892 363 8
772 1029 13
1266 820 2
1325 556 14
1092 23 18
637 1262 8
158 409 19
820 363 11
322 188 2
1280 243 14
1469 1427 6
780 279 15
1030 1338 5
493 52 3
900 1545 4
283 1277 13
1159 1102 6
4 95 6
1426 1036 13
390 226 12
1554 223 16
171 1389 18
1210 1253 11
969 998 5
380 1540 5
430 677 14
991 1176 18
1320 917 13
131 1535 6
1424 1445 1
187 1277 6
526 1076 17
228 1529 10
1522 362 6
1567 384 11
163 1041 15
536 981 7
138 935 6
1 1062 3
43 283 15
1277 181 16
991 820 18
625 1209 14
1466 510 11
1455 1087 6
651 1077 12
622 1241 14
323 270 15
1529 209 15
1548 729 17
1104 1426 6
889 729 1
894 153 10
871 115 15
1576 187 15
1431 835 15
1104 636 18
335 687 11
1277 1508 6
1030 739 17
603 804 13
29 439 15
1155 449 5
1239 468 16
363 1148 19
429 455 13
772 1142 16
633 171 3
1107 1251 4
45 604 9
991 1554 15
228 54 9
80 52 9
677 409 18
556 1318 18
830 65 11
324 624 12
1545 1280 6
677 437 2
787 878 7
181 187 17
135 244 12
1245 70 3
1019 794 11
819 368 2
603 184 1
1325 485 3
354 1469 16
411 773 9
669 1414 4
1377 1587 18
1025 1308 11
237 712 1
1469 1038 14
184 651 8
518 650 9
1041 146 8
54 1570 7
1137 1254 6
1461 99 7
859 226 15
450 1301 9
862 1010 7
456 1535 12
1123 1414 18
787 394 6
43 243 11
1421 740 2
1140 391 4
1369 1470 7
124 493 9
1064 1200 4
913 304 2
780 171 2
1469 223 19
277 131 14
1138 669 2
994 1582 3
669 87 9
422 1470 16
56 485 10
1182 1485 15
1041 1017 15
780 261 5
704 1227 16
366 826 7
900 225 16
1426 1138 1
1030 87 4
518 556 10
204 451 9
456 277 7
222 1005 19
911 1045 11
28 271 10
1266 670 7
1176 1252 12
215 1535 11
1176 633 18
215 1455 2
485 650 11
1245 632 3
1123 464 18
446 1152 3
1310 451 17
1545 439 15
632 208 17
294 1040 13
1350 91 18
464 1455 18
437 188 5
80 1469 7
641 1104 8
100 1508 7
765 120 2
1320 1108 3
246 386 3
1311 1596 5
503 419 13
1049 519 5
1508 413 7
314 1085 13
184 623 3
1007 1460 19
243 1587 15
283 1398 15
1414 1535 17
1132 780 12
549 1373 15
1245 43 19
1535 1036 2
1014 155 10
632 1504 16
1245 363 5
693 803 12
269 822 8
226 1108 8
1181 598 4
622 887 17
54 1241 4
1415 473 9
485 794 15
949 407 8
833 917 13
1152 984 9
1587 1548 3
820 1469 9
13 993 15
257 826 4
335 375 3
305 1082 19
895 970 1
1431 622 9
556 794 19
171 391 19
222 244 3
642 485 17
1398 124 2
601 1092 6
306 983 2
290 1266 6
760 1280 13
522 1053 9
303 373 10
1029 609 3
653 287 8
409 187 9
801 906 19
142 11 11
265 292 19
1409 865 6
1554 172 13
471 965 2
1318 687 6
734 411 15
1087 494 16
1469 1245 10
800 1217 14
632 243 3
223 729 7
391 1266 17
759 529 6
919 1183 1
62 925 1
436 194 14
464 1077 1
1434 913 5
1029 1142 6
270 878 13
188 153 6
1474 510 14
558 1356 17
306 598 15
1108 194 18
642 785 14
1232 1037 18
439 146 10
1267 1276 8
534 858 11
991 801 6
1029 878 9
392 981 17
1232 187 15
200 226 2
696 90 4
396 1384 10
772 1548 9
579 154 5
1414 1338 18
1070 1159 18
907 552 10
217 1012 3
1062 136 2
1357 950 18
1414 461 19
1385 238 4
1295 228 13
154 23 3
409 322 8
1449 436 15
429 168 11
521 1231 1
1287 536 5
981 1155 19
1487 520 5
999 210 3
2 194 17
893 624 5
822 918 14
392 625 2
1423 204 12
1036 392 4
1401 1007 17
354 265 15
1188 1312 6
52 187 7
218 297 3
1041 256 3
24 124 18
235 257 7
1041 900 16
493 1232 11
1455 1083 6
887 804 18
917 2 14
1396 43 14
636 1155 17
304 485 5
23 854 7
504 1508 7
1522 749 11
1036 1449 11
2 226 1
651 1241 3
1576 1159 7
666 206 17
981 641 14
1469 890 13
158 257 10
1469 208 8
1107 854 2
338 209 8
1483 1455 18
1108 449 2
1295 464 13
2 306 1
1277 1446 1
1046 85 8
366 1199 10
538 963 15
1159 322 15
1048 1391 14
34 791 8
633 599 19
413 270 19
669 1036 4
366 158 1
597 1343 17
1576 1508 16
171 801 15
1181 911 10
1389 172 19
264 172 16
292 302 16
1037 218 14
679 1066 9
1401 1460 2
892 1266 11
116 1467 17
783 411 14
820 1554 14
54 623 19
873 163 2
1262 1019 16
323 222 11
1377 1548 19
209 1449 17
1554 760 8
873 803 6
1359 1468 5
184 1455 16
966 1314 7
913 536 15
88 921 1
1232 1398 1
306 18 3
319 1297 2
1107 1155 10
228 543 2
816 166 13
138 1579 15
1545 279 1
1108 598 4
791 302 6
670 225 5
1449 1251 7
939 434 5
1058 244 14
1297 803 15
801 599 11
54 386 12
1176 264 7
670 780 19
19 218 17
1138 1104 8
1431 184 16
1590 753 14
58 495 17
855 1390 13
302 1548 7
603 54 13
959 486 4
34 746 6
1587 890 8
100 270 14
1404 1291 3
864 488 7
297 1508 1
1467 16 9
804 543 5
201 1023 17
1396 1389 14
915 994 2
1398 1473 15
1573 1060 5
623 1455 15
856 1027 13
579 771 16
264 1554 9
1320 1181 19
635 124 17
510 1266 3
604 400 16
261 991 13
1262 1226 15
323 153 1
1474 292 15
37 1527 4
248 578 18
1576 323 19
873 693 1
997 461 6
1142 43 12
1529 1030 15
1504 1142 14
1173 1208 10
326 384 10
642 250 6
633 225 15
1571 462 9
504 332 7
1474 1148 4
851 1421 19
413 158 13
72 503 2
34 1277 8
1029 43 12
163 623 14
1426 1108 1
983 1325 6
226 556 4
18 194 10
1321 541 1
246 1083 7
234 176 15
391 279 15
616 306 1
1266 801 15
246 854 11
642 304 12
616 18 17
131 601 6
637 383 4
163 804 17
820 760 1
1195 696 18
572 255 15
859 392 17
154 1030 14
100 292 14
246 1092 18
543 739 19
791 322 16
760 243 10
740 983 3
1249 239 17
1418 892 3
279 510 6
567 51 5
1431 1041 15
641 436 7
641 1209 6
307 456 19
1527 859 14
601 154 9
593 1093 12
817 344 9
1455 622 11
339 818 16
1474 772 1
999 390 9
665 1398 2
642 306 6
270 1199 13
1377 1142 8
366 24 10
449 1107 8
504 766 2
677 880 15
603 613 2
230 416 6
158 322 16
1548 354 11
1564 478 4
222 257 2
1038 1377 2
1232 34 18
599 171 15
544 350 7
1412 1079 3
760 172 6
1083 1297 12
44 1196 17
1159 297 2
957 1349 13
1508 826 6
1418 1033 12
894 1145 4
913 1426 10
292 635 4
1233 693 7
620 1161 9
543 1455 5
1252 1233 17
402 568 1
1036 209 2
787 265 15
1038 1504 18
950 1406 18
163 1545 8
533 328 18
1207 815 10
1019 390 7
508 56 7
235 1159 7
1119 1406 8
306 999 5
1003 739 7
504 323 9
890 991 16
1123 652 8
1176 1280 11
338 241 19
1389 890 15
820 1587 3
1159 826 4
603 579 4
1038 1587 8
411 1277 16
194 1181 15
1403 180 15
772 1504 13
125 677 19
1431 196 13
225 1176 9
171 890 3
499 1016 18
760 780 13
313 713 6
23 1123 17
196 873 6
222 766 1
1412 917 15
722 338 11
962 811 2
1038 124 9
1115 1084 15
1295 835 8
603 835 2
366 34 13
983 999 3
322 19 7
641 859 15
552 445 2
394 1232 18
1155 833 8
1338 1003 1
1322 1169 16
18 485 19
102 584 5
265 80 15
1217 481 11
1138 436 13
985 210 3
693 116 5
235 34 17
1187 1116 3
1232 973 7
1277 1576 14
1398 80 9
354 1396 4
1077 1455 11
1289 886 5
802 388 16
1261 598 14
464 771 2
1483 1077 6
1312 1576 19
1295 215 15
1036 1107 3
1540 533 2
1103 920 3
209 636 17
1595 450 5
1262 306 13
1280 900 17
265 124 4
1108 392 1
1263 851 19
642 1325 1
859 1138 11
729 1280 3
771 228 2
598 200 3
656 649 10
1087 651 14
1272 1438 1
669 386 18
927 92 3
670 801 18
235 826 6
261 892 1
1416 601 15
536 200 15
1573 1538 6
171 1176 10
1307 731 16
1297 652 15
1570 623 3
771 1123 18
116 264 11
873 934 6
699 605 15
614 132 16
787 1037 17
839 788 4
1102 1446 15
1382 1455 4
1446 931 8
559 145 16
803 225 1
318 1103 18
900 991 5
306 1434 6
226 650 3
24 1427 17
1318 194 18
1092 131 15
297 1446 5
889 363 8
771 1414 5
1023 735 10
635 265 19
188 677 7
1431 873 4
791 878 14
652 1077 19
391 354 9
218 1427 1
391 223 17
1473 124 2
455 744 9
413 283 6
709 1287 13
60 513 5
243 801 2
200 392 5
1175 418 13
995 1362 15
570 836 18
680 1037 7
1188 1142 10
619 101 14
633 1233 10
1241 1123 6
417 548 11
215 228 3
1030 1209 7
155 501 14
832 1095 9
826 19 8
1535 854 1
1070 504 17
1240 1445 15
1431 581 19
1303 669 7
543 23 5
623 228 11
1263 482 12
1241 1414 2
1213 119 5
823 996 5
871 1591 14
1045 1209 3
1533 1318 18
149 761 11
711 1178 7
261 599 5
1576 409 6
1295 54 12
716 1479 16
24 1188 8
787 1504 1
264 1280 11
225 163 19
243 1140 14
29 934 1
1508 734 9
270 1508 16
687 1226 7
854 1003 9
636 375 10
534 209 17
635 729 1
23 54 1
1283 1066 3
833 1030 12
383 140 16
306 335 10
439 1087 17
210 335 12
226 1338 11
1003 319 6
1545 599 6
104 782 3
87 456 16
1180 323 14
335 200 7
534 1414 17
1401 693 5
1280 889 10
1431 651 19
1312 80 14
1455 319 18
1209 636 13
1181 913 6
657 78 7
19 323 15
883 1100 4
835 1123 9
307 652 13
1297 648 1
99 1550 11
1245 172 4
479 1494 19
1269 160 13
125 1446 14
900 760 15
1529 307 19
729 391 1
1319 593 10
184 29 17
934 279 8
297 270 17
534 464 16
929 587 8
409 1199 1
859 1449 17
1038 223 1
1280 261 8
543 54 4
252 477 17
582 1522 2
279 599 7
1251 436 8
345 1109 3
1232 158 18
1029 80 16
2 637 14
439 873 15
346 1543 4
890 635 3
1278 824 8
1504 1029 7
1526 1470 1
184 1087 11
1398 1504 2
740 1226 1
817 172 3
153 222 3
29 196 2
1364 963 4
321 993 4
878 257 15
430 1070 13
386 1529 14
125 222 2
1483 228 14
934 670 12
1570 1241 9
1537 768 7
650 1226 2
1188 124 8
456 386 10
69 1315 19
1045 277 9
893 1197 18
522 809 6
900 599 12
153 1576 13
350 1414 2
251 835 2
1140 354 8
1295 1030 17
760 1245 6
1083 804 18
641 913 11
1473 43 6
636 859 3
1201 161 1
737 469 9
189 1075 8
449 1449 19
890 264 7
556 210 16
1232 366 12
277 1138 9
200 833 16
981 1181 7
590 606 12
978 1376 5
972 762 16
37 1024 8
222 430 11
964 1378 8
803 887 11
144 107 1
461 636 8
179 374 10
982 1526 5
215 1092 10
218 493 13
363 729 7
146 1460 3
636 911 7
1377 1396 10
1312 187 9
39 986 18
575 357 17
826 1277 1
1112 1134 2
1017 1286 17
228 1570 10
636 390 18
859 1426 8
1493 1258 7
1556 483 3
1529 319 19
616 833 5
171 1233 8
1148 1245 9
436 392 2
643 1272 12
598 390 14
1396 801 15
1180 1324 17
983 194 18
271 747 18
493 1473 1
1041 599 13
290 1466 7
824 572 7
332 1217 8
1325 518 9
18 650 10
152 1589 16
329 21 11
100 34 1
981 194 17
1302 632 6
1107 436 6
912 506 1
1460 1252 7
1007 1466 5
1251 854 4
1120 1494 1
1504 186 13
125 430 18
1070 1058 8
623 574 7
38 769 17
1338 1529 2
540 1436 5
513 301 13
325 1312 15
772 1148 3
1209 711 6
209 1030 8
277 375 14
883 1054 1
226 306 4
1548 1142 7
1516 1079 17
364 1208 11
9 263 11
1548 1396 6
1460 1349 12
1449 636 2
273 94 3
1448 76 15
766 188 15
1460 693 5
652 623 19
268 397 5
315 1084 10
685 908 16
820 243 17
900 171 7
826 394 5
1434 650 19
409 188 6
601 854 16
1455 835 11
981 616 8
760 889 16
510 1504 17
1389 632 7
1529 1123 15
740 687 5
1188 791 7
983 1181 8
1030 461 4
430 323 14
1466 279 14
335 999 3
913 556 10
493 878 3
421 1013 14
505 586 2
1241 1366 11
985 18 14
224 13 5
29 225 10
826 734 6
183 1197 3
102 1288 5
629 1473 4
1548 43 10
1338 669 15
436 1108 12
746 1188 19
1416 277 17
391 412 6
1092 87 3
677 1058 13
1427 1029 3
304 999 15
601 1338 5
636 392 1
890 261 7
363 43 12
1188 1254 19
29 1041 19
411 332 15
791 24 13
1592 1317 15
1188 1398 15
87 1338 17
1469 172 2
1337 1515 3
740 556 17
265 772 13
171 991 14
999 250 1
771 23 9
1138 1092 4
518 999 15
1312 218 19
1102 504 19
34 19 13
1116 1139 12
900 1233 11
154 1535 5
1427 1396 13
641 911 18
366 1312 9
497 620 2
322 1508 7
238 1014 16
1189 796 16
1401 668 18
200 1449 19
572 215 18
1389 892 11
390 250 10
24 302 10
1295 386 17
144 228 11
1245 1140 14
504 188 14
257 1159 6
1087 835 19
1199 773 17
264 670 15
264 1233 9
1266 279 2
154 307 2
1377 820 12
887 651 14
678 310 3
693 439 19
332 1159 12
413 52 1
729 43 19
772 791 15
146 116 19
57 186 8
419 1518 15
607 96 11
700 1445 9
804 184 13
791 292 11
394 366 15
625 1416 15
1107 1320 13
264 900 8
1245 391 3
598 2 1
859 209 1
80 1188 3
889 223 14
536 436 18
80 24 1
651 215 18
1392 569 2
804 652 13
632 760 16
1320 335 6
290 126 5
215 1297 6
1260 190 14
652 651 3
641 1107 17
811 177 8
250 1434 17
1110 259 11
163 1431 15
556 1434 11
1111 1065 8
481 254 18
419 482 12
1232 100 17
838 629 1
1434 981 4
1401 1017 16
215 771 11
1247 271 6
1389 1148 7
154 386 7
1017 651 4
686 1514 4
1159 437 6
1066 717 3
439 934 3
1273 1084 2
373 690 8
163 1289 14
1396 635 1
677 153 4
814 1369 4
1416 669 8
85 778 19
1082 768 17
200 1104 18
236 1215 19
19 746 9
833 461 14
226 1181 17
1346 1120 14
536 375 7
210 304 10
1003 543 6
154 169 5
464 603 4
116 599 3
187 235 9
283 878 4
290 261 19
1320 637 8
297 235 16
2 641 8
534 456 2
536 392 17
889 890 18
301 1177 7
386 209 2
541 1043 6
298 641 9
464 1297 5
636 1045 3
1007 900 12
826 270 5
1108 650 1
517 574 4
244 153 13
669 209 19
163 29 7
1027 195 14
106 44 6
179 136 1
390 913 5
651 1570 11
1395 483 19
534 277 9
1155 200 7
449 833 9
644 75 10
261 900 15
890 729 6
390 650 18
208 892 11
1102 826 6
24 265 7
181 504 11
184 638 10
788 1133 6
117 992 12
551 840 2
865 472 12
1377 354 2
61 916 3
226 913 14
23 1003 7
531 688 5
390 911 1
611 384 6
196 623 3
250 1262 17
1148 1469 19
218 270 15
491 1130 12
1280 171 16
413 791 1
543 369 5
1148 729 6
1264 269 8
887 1087 1
231 1078 16
833 1104 10
243 391 12
475 192 9
635 1587 10
359 1279 12
264 391 13
868 327 14
1325 794 8
1313 233 3
9 1514 8
1449 534 7
228 386 16
165 399 19
1466 1152 15
430 773 16
641 194 5
835 464 3
12 1422 4
172 1148 6
1238 962 10
819 1283 16
1038 265 17
1017 652 7
1594 996 14
1508 1188 11
1123 1455 10
1226 985 17
801 391 19
1199 222 3
206 1002 9
116 780 18
1396 772 4
187 1508 6
899 792 19
1092 1209 15
394 19 2
198 1290 3
194 226 12
601 436 5
132 188 14
1491 1273 18
354 820 19
547 793 17
1435 13 4
1426 1293 7
181 1199 12
1396 363 12
1041 264 15
1266 172 3
1508 366 1
1232 1312 18
887 1051 1
1226 999 6
1245 223 18
1554 391 19
804 1431 7
405 127 4
304 687 3
335 536 15
562 1253 4
772 366 5
619 814 5
223 1266 11
1449 375 6
981 636 11
449 461 19
913 210 2
125 437 14
504 1199 13
1036 1251 13
223 243 3
1280 1007 17
1077 1241 6
80 283 15
194 598 19
599 1266 18
764 561 7
1222 1053 13
670 599 2
1017 835 7
859 833 14
1469 1389 18
153 181 1
1455 54 10
158 1508 12
186 706 12
1241 464 16
1188 270 18
1473 791 18
598 616 7
1270 1465 19
991 1280 4
887 1252 16
909 1175 6
184 739 16
746 24 17
23 1297 1
906 693 18
813 897 6
766 158 2
319 54 10
257 504 11
601 1155 10
306 740 5
917 18 16
616 641 4
1087 1041 9
154 87 13
636 226 6
439 290 10
579 464 3
208 906 4
250 18 8
791 218 3
131 209 13
1241 87 19
283 746 2
985 1262 9
283 635 8
131 307 9
1181 375 7
1038 890 9
890 820 15
1350 1096 5
1466 1252 16
297 734 17
316 1295 14
335 1048 7
598 210 8
56 1118 7
1172 1278 2
54 579 1
304 518 18
734 538 16
647 577 19
1327 845 6
622 225 12
437 100 9
1280 801 12
1466 163 15
414 1048 12
852 1464 5
1479 275 10
1426 200 5
983 1434 12
1474 1029 19
725 660 11
71 1250 10
184 622 19
307 601 18
235 19 11
889 900 18
41 182 4
1252 1017 18
887 1483 9
1007 599 12
1325 335 15
1251 1416 18
496 1026 9
1007 1310 3
772 52 8
1104 981 14
1396 1473 7
223 354 5
751 26 2
1255 1298 13
461 1155 10
449 636 16
625 1155 6
514 213 14
763 853 6
146 599 11
125 734 16
878 187 2
235 411 11
1280 635 7
443 1269 9
390 1542 13
1584 404 19
773 766 9
391 208 17
184 215 12
518 913 3
652 1570 6
1181 917 14
1345 251 10
392 1045 11
24 1142 12
430 411 9
1017 1460 17
1070 1199 3
163 633 14
124 1037 8
1430 1021 6
721 234 13
1199 734 5
766 880 8
794 1262 19
272 1108 18
1416 392 12
913 1019 16
1041 290 1
1414 131 11
989 588 13
89 82 5
1414 209 18
218 322 12
244 1446 2
1570 804 15
1252 1007 3
194 616 19
1083 184 5
1262 485 5
1142 488 17
1573 1498 18
1218 385 16
393 553 9
366 746 18
375 2 9
1449 833 17
1105 287 16
1181 687 11
613 464 8
1596 1181 17
683 48 8
760 261 4
758 1574 15
880 773 6
158 493 1
887 633 6
1226 18 14
29 146 9
34 1102 9
520 922 13
901 1014 16
1029 1148 16
622 196 10
218 826 7
131 1209 10
764 208 6
63 529 1
24 283 15
1246 1103 5
1414 1003 15
1199 582 2
106 134 3
439 184 6
1570 739 9
34 1188 15
1320 200 16
1320 1045 8
1514 134 15
1429 720 9
1007 1176 13
173 242 8
292 1037 2
386 579 4
264 892 5
1235 900 2
34 1199 7
1154 1562 18
981 449 4
518 794 18
261 1007 19
95 1001 6
1003 579 10
651 934 5
1489 1134 19
1241 835 1
1363 683 8
1037 493 1
302 1037 12
934 1483 12
524 1135 16
235 218 9
436 598 11
734 19 14
578 618 2
917 1318 7
820 172 18
1431 1401 14
413 878 17
350 273 13
208 991 1
11 1394 6
873 279 1
543 835 10
261 279 15
676 1334 2
1431 1297 10
826 430 1
1199 187 15
1019 556 14
1338 1295 19
449 1045 12
181 409 14
623 651 16
1414 1036 2
625 461 9
971 123 1
23 1241 9
1396 80 19
718 673 13
670 906 10
906 780 12
258 1174 13
1295 1414 7
1466 1176 15
650 983 13
225 439 17
411 1199 17
669 1295 10
319 307 9
740 1181 1
981 1251 13
803 1087 6
2 200 15
154 1123 5
873 464 12
1140 1148 4
652 613 1
397 474 7
125 1102 12
739 1483 8
439 116 13
1030 277 17
1401 887 3
243 510 2
636 1251 2
1176 934 16
838 698 9
352 530 11
1104 1107 3
1576 1188 17
536 616 11
1102 297 5
1444 866 4
669 1535 7
985 642 13
102 509 2
696 1000 6
944 961 14
1414 1209 7
279 116 8
803 1570 12
1131 742 2
1176 670 10
734 323 6
283 1504 16
1102 1199 14
1426 306 17
322 100 13
1100 1015 9
290 264 7
900 906 2
80 1427 4
307 1455 3
613 1483 15
1295 1241 4
892 279 10
616 913 15
24 1504 17
623 215 1
127 1567 2
1375 748 5
1124 1068 15
54 771 15
652 1455 4
1159 1508 7
1295 87 4
449 1034 12
1181 650 18
934 803 7
810 560 11
509 991 11
1019 740 15
1176 29 9
883 1154 10
1426 636 1
1140 363 18
493 1029 2
461 1092 19
637 306 14
1037 1473 3
265 283 12
1312 270 15
835 1529 1
411 766 13
894 703 15
878 297 9
892 1176 3
263 1434 10
163 651 4
1401 803 5
514 248 14
801 889 12
1427 1504 18
1545 670 19
296 203 3
172 1427 18
194 536 6
755 1424 10
599 906 5
983 917 16
1338 1416 14
1159 504 16
1225 428 16
158 187 11
550 15 3
1098 629 8
771 307 12
1318 18 12
833 277 6
15 260 15
650 335 14
1070 323 13
408 924 19
363 1427 6
1102 773 4
1123 307 4
34 394 5
1077 184 1
171 264 19
290 1401 9
292 80 10
906 934 18
43 635 15
393 639 10
290 116 10
1473 265 2
838 682 10
1504 292 6
773 235 14
651 439 7
1070 550 16
542 1078 4
43 354 14
1283 1452 17
1575 1267 19
187 413 17
493 1427 7
114 121 5
226 833 2
603 1455 14
597 1475 1
146 1087 6
1483 835 3
250 1318 4
456 1209 11
436 981 8
1176 1017 4
264 510 19
24 1473 15
1427 643 17
246 739 14
1102 188 16
472 118 13
867 1403 14
29 622 1
1568 1589 14
669 1209 7
302 916 4
1029 787 18
1038 1232 10
1077 163 8
1029 1037 9
1225 573 2
1181 306 10
163 196 4
391 1396 6
1289 1349 8
1473 100 2
1022 424 2
702 1259 2
1320 1505 14
1363 941 10
386 464 3
456 209 17
927 1253 9
917 226 7
1116 860 19
1138 456 12
1222 1584 10
635 1140 2
635 1377 7
633 760 9
306 357 6
375 913 3
1058 411 17
43 1504 17
1576 366 19
1138 625 16
1420 1202 14
873 1401 4
1426 556 4
1007 29 12
228 613 2
637 18 16
306 1226 11
1155 854 4
1322 708 9
409 880 11
322 52 4
1030 854 16
158 791 4
244 728 6
999 18 11
892 391 7
154 534 14
148 1300 4
235 1199 7
409 222 1
363 1469 8
158 878 14
1035 1544 13
305 933 10
1483 543 2
194 335 13
1414 456 1
536 390 8
787 292 12
487 1472 7
969 1352 8
739 1083 5
257 766 4
878 292 17
209 246 19
246 1295 19
1181 304 18
1449 36 16
729 1389 9
917 637 9
1297 651 3
306 250 18
1479 1457 13
1416 461 7
636 200 15
543 215 11
1389 391 17
785 1019 16
1245 820 2
1548 292 6
323 257 1
37 1146 8
413 218 16
1017 623 13
439 1460 9
801 172 18
29 1252 19
1358 434 15
573 7 8
205 1488 11
209 436 7
100 1199 17
1366 423 13
131 854 2
670 1401 13
758 614 16
1092 154 12
635 1245 2
1338 436 1
1473 746 17
366 1188 14
156 217 13
257 411 10
803 1431 18
650 306 3
354 890 15
38 1151 13
1346 580 4
52 1029 19
210 658 5
1503 1348 5
208 889 3
766 1058 10
519 1509 13
131 386 15
841 369 16
223 1140 15
677 244 6
1461 1106 15
1129 610 6
33 919 9
890 599 4
1383 1534 2
1401 146 1
243 991 19
1280 633 18
2 392 7
1083 835 12
219 31 16
302 1232 18
23 307 9
873 1233 19
1003 215 6
1250 1521 5
131 1036 2
222 1277 7
15 501 12
1554 208 17
281 253 6
635 1389 17
1036 456 17
1108 833 15
290 1176 6
19 787 4
804 196 9
1176 116 12
1270 556 15
1576 158 8
261 906 18
335 18 16
1380 107 18
171 1266 14
826 1576 5
1297 439 1
187 1037 9
124 1312 3
323 34 13
1030 246 7
904 1300 6
1494 684 8
1325 1434 12
222 218 7
1107 2 9
1343 761 13
1148 1548 12
1030 601 15
433 956 7
985 1019 6
270 308 12
1555 1028 10
1587 363 13
1426 2 13
1233 465 2
892 633 2
223 124 18
1019 637 8
1510 476 5
80 1504 1
409 728 18
633 261 11
449 536 3
283 787 11
1041 1176 16
651 1252 15
1085 1532 2
1587 43 9
455 1483 18
1338 625 4
1155 1426 2
1191 1499 8
392 913 3
669 579 11
1338 1449 2
1003 386 5
1123 804 15
746 302 11
650 556 6
850 252 19
1449 1045 18
1597 1296 17
1284 1242 5
1036 1416 4
146 290 9
771 386 15
1473 772 7
1474 1469 1
1431 652 10
437 430 18
1414 307 14
643 665 14
1312 34 8
200 436 7
112 1549 10
290 1233 19
171 172 10
598 485 12
1038 1473 15
244 1576 8
1036 636 10
1194 1101 1
103 1300 11
1469 635 6
208 1148 8
1087 29 9
1427 283 10
1491 214 8
270 322 4
1396 1140 16
1594 360 7
439 1007 17
87 319 12
154 669 15
504 728 1
587 1585 1
1576 1070 6
590 1586 2
19 270 4
344 561 9
208 729 7
1416 859 12
464 623 9
983 390 10
51 781 4
746 840 17
1537 66 18
163 184 14
1338 1107 9
172 208 5
167 882 17
1252 900 6
980 960 14
641 1320 13
791 1569 9
307 1251 10
265 302 5
1226 450 10
1426 1449 11
780 1233 4
1529 543 19
808 69 11
510 208 2
1092 625 19
1338 246 16
835 1297 10
1139 241 8
985 785 13
1377 265 5
650 536 1
637 616 14
528 50 10
413 366 3
1315 834 2
100 323 16
49 744 11
771 319 15
1188 302 17
366 1037 9
1243 448 17
989 1260 6
1252 803 19
24 1205 17
1128 585 3
787 1473 18
911 637 19
208 760 4
117 889 4
277 625 18
1155 1414 10
559 1149 8
261 116 9
900 510 18
473 1403 1
3 1126 9
1402 1257 17
292 1312 4
43 24 6
449 1030 12
235 409 4
887 1041 12
641 392 17
632 43 4
386 1092 4
403 139 18
29 1297 7
393 563 5
375 859 2
598 983 17
780 1245 9
729 1377 4
745 986 13
803 804 2
887 196 14
319 1414 12
1504 1474 18
485 1226 7
1030 131 19
375 1434 9
1277 1102 10
226 335 19
739 835 9
266 612 6
181 1239 17
1280 890 13
76 269 7
1251 1092 12
1446 430 15
616 2 3
913 18 13
633 1041 12
1041 1401 4
1226 1318 4
1058 880 5
913 281 7
687 985 11
1159 430 2
1347 341 6
464 307 2
1508 708 15
1133 1551 9
582 59 11
1554 261 9
1325 637 12
889 820 16
1427 1142 8
1245 889 1
1236 564 10
210 306 6
349 1476 17
87 131 11
164 165 2
233 1459 9
1087 622 1
873 623 11
771 1083 2
261 391 5
315 1039 9
261 889 18
804 623 18
517 676 13
740 985 2
1045 1155 12
626 968 13
1333 811 9
196 146 11
311 484 13
518 1181 6
1458 271 10
1003 534 8
209 601 1
1416 1104 16
1535 1155 5
493 302 2
1312 1427 4
625 449 18
556 1320 14
54 1077 6
1138 833 3
785 306 5
381 1250 4
100 493 18
394 1188 6
669 636 17
622 1083 6
467 99 14
599 1233 5
1213 997 5
826 1232 3
302 1427 11
1140 1457 3
1366 1507 19
200 641 16
598 981 4
1353 336 1
985 239 3
1138 636 10
1455 1241 4
411 1070 9
390 917 12
1428 1564 1
265 1398 17
1267 1469 4
375 637 14
2 536 18
461 601 15
1209 534 12
743 849 11
363 890 8
1529 1092 17
670 1233 14
773 826 6
1003 835 12
492 158 19
52 270 7
1414 215 13
277 1251 4
1434 911 8
158 394 17
1355 1540 4
1041 670 7
292 493 4
