30 230 30 26
17 18 8
4 3 5
15 25 6
27 29 10
20 3 2
30 17 2
23 6 1
4 20 7
14 18 7
19 22 11
19 18 5
19 25 11
30 14 11
26 25 5
18 16 1
20 25 7
28 23 11
30 7 9
5 15 10
5 9 5
22 5 11
19 17 7
10 7 3
23 21 9
12 14 1
11 5 7
18 8 10
16 30 7
1 25 3
25 12 11
6 4 10
12 23 3
16 26 12
18 29 6
30 8 11
21 9 9
26 2 11
23 3 3
7 23 3
8 29 5
20 12 1
5 19 9
29 14 12
5 1 11
29 17 11
7 16 12
10 14 6
30 27 3
24 14 9
20 21 7
21 2 9
7 20 2
23 26 12
5 23 7
23 1 5
9 28 6
28 17 12
26 20 2
16 9 12
6 3 10
24 16 6
20 30 5
4 26 8
13 21 7
11 10 12
7 14 4
13 26 5
18 11 11
9 20 3
27 20 9
7 12 2
17 9 9
2 7 7
7 27 8
11 14 5
27 12 3
9 12 2
28 21 12
11 24 6
15 3 2
28 27 3
5 25 1
16 8 7
27 16 9
17 10 1
1 6 4
24 27 10
25 13 2
29 19 8
3 13 9
12 11 5
25 2 3
24 19 2
30 19 8
4 25 12
8 10 6
18 7 8
5 13 2
1 21 2
11 7 4
9 27 4
2 4 4
26 15 8
25 11 5
4 28 1
29 20 9
24 9 8
11 9 2
7 9 10
13 16 6
10 9 7
1 2 1
27 17 5
22 20 12
9 13 7
26 1 12
19 20 1
22 18 6
28 1 9
24 22 10
6 15 12
7 25 2
25 23 3
26 9 7
11 30 10
19 8 12
12 30 6
17 22 8
2 5 12
24 18 6
20 2 9
20 1 4
5 3 1
22 10 12
4 5 8
12 4 8
26 5 7
11 8 6
24 12 10
27 14 3
16 20 2
18 20 5
27 22 6
12 5 10
24 8 7
8 17 9
9 1 9
17 14 9
10 30 2
7 24 1
21 6 2
2 13 12
3 25 9
17 1 12
6 13 8
3 21 7
4 21 2
17 11 5
5 21 11
7 28 9
28 13 4
24 17 8
2 18 6
7 22 3
27 11 6
23 9 6
21 25 6
19 7 10
30 24 9
29 10 12
16 17 9
26 21 1
22 9 10
27 2 4
15 2 4
1 12 7
3 2 6
1 24 11
23 15 1
24 29 10
9 30 11
1 7 9
2 6 9
15 4 1
10 20 1
14 9 3
28 26 10
23 2 5
29 22 2
12 21 7
11 1 2
16 1 5
28 12 12
25 30 10
30 18 5
1 27 10
9 4 3
4 1 5
2 28 10
23 10 3
11 26 12
11 19 8
3 26 3
8 7 5
28 25 2
19 14 5
5 6 8
16 11 11
25 9 4
27 25 1
13 20 7
19 16 6
12 3 1
27 26 6
10 27 10
23 22 2
13 4 6
30 29 3
15 21 7
23 4 11
15 9 2
14 8 7
16 22 10
15 13 12
11 22 9
20 24 1
16 12 3
26 6 11
29 16 12
11 20 4
