200 1748 56 141
146 167 28
199 135 30
56 1 20
100 45 11
93 54 18
28 9 11
6 25 7
44 178 15
103 131 36
44 58 14
141 19 36
115 80 4
89 127 24
113 167 13
5 21 6
18 10 12
33 166 16
195 29 2
94 14 35
163 44 35
80 196 8
24 33 28
195 124 14
3 104 14
130 77 14
163 65 14
117 176 1
182 152 26
189 190 32
72 31 21
122 173 34
18 118 15
37 106 11
42 24 32
180 36 8
60 145 4
4 188 15
6 190 7
47 198 16
111 159 6
63 184 27
43 48 26
12 68 34
131 93 14
174 26 15
77 132 13
63 167 15
47 92 14
7 113 21
43 49 32
121 124 22
99 151 32
131 161 30
46 71 29
108 30 2
156 138 12
102 76 24
22 5 34
73 44 7
130 115 20
53 199 20
192 129 14
177 111 14
37 17 20
4 8 35
158 180 21
171 89 7
130 134 29
99 134 2
70 79 14
84 167 18
58 94 15
2 68 27
32 25 6
47 59 36
187 10 4
193 131 11
178 58 12
146 183 13
88 132 20
190 95 8
41 194 24
97 76 33
118 170 1
88 34 26
174 155 25
171 138 5
180 85 15
103 120 11
49 145 13
16 112 5
65 184 11
74 175 13
90 153 14
137 67 13
11 133 13
138 54 36
157 121 12
120 57 22
156 162 22
151 189 15
12 194 24
54 177 3
169 61 4
17 14 33
51 171 4
143 36 26
9 192 11
88 119 25
185 19 33
90 66 14
99 25 4
101 100 12
59 6 15
4 52 28
166 11 27
97 149 24
199 154 20
172 191 20
152 46 18
91 135 20
84 106 27
118 198 34
117 76 10
96 95 24
6 92 4
134 84 27
198 6 18
102 164 31
96 99 7
144 171 24
119 83 29
113 88 13
1 137 8
155 159 27
89 125 14
35 184 33
12 146 5
38 9 19
172 100 3
82 91 5
140 158 9
12 58 6
178 139 24
167 119 22
196 37 4
165 78 30
185 24 30
76 23 7
119 7 26
155 98 14
64 74 26
174 187 22
150 46 7
32 190 3
142 75 34
15 10 12
182 200 14
127 159 22
97 23 36
175 61 28
102 166 3
61 52 14
196 167 20
24 145 33
22 118 35
190 113 24
121 126 12
127 86 34
19 133 36
123 156 8
92 18 11
137 113 26
118 70 35
34 7 6
75 53 12
140 162 18
40 65 20
166 145 32
121 11 25
117 43 15
69 81 22
144 82 36
130 84 7
142 188 35
86 174 13
113 134 28
28 69 26
200 169 6
139 65 33
43 39 20
11 153 15
115 190 19
43 97 31
75 135 36
82 51 11
194 197 34
115 63 4
192 157 7
194 58 27
96 130 21
95 132 26
42 185 12
167 115 36
20 197 13
9 102 32
123 140 18
73 65 33
170 181 35
3 6 35
148 79 17
87 100 29
31 94 21
19 129 9
94 44 30
23 27 36
68 83 36
11 185 23
132 106 13
11 126 35
132 30 30
42 112 20
33 179 25
114 57 2
38 121 31
182 100 33
172 28 33
49 76 15
22 151 33
127 54 20
174 109 35
103 93 14
143 171 29
47 15 23
8 162 17
81 19 21
30 130 21
49 60 36
152 176 9
19 124 27
181 187 22
21 110 36
111 103 22
48 172 14
165 181 29
149 121 18
161 180 23
43 166 14
82 105 32
196 31 3
191 27 17
102 49 33
174 79 3
38 19 33
85 127 2
44 147 14
21 47 25
91 154 17
65 146 6
144 162 24
83 37 2
158 82 27
115 37 34
125 93 27
147 1 27
169 142 34
93 158 20
82 103 35
173 45 36
109 187 10
182 191 12
165 136 33
181 136 7
4 175 4
196 30 35
123 4 15
112 185 3
14 147 10
44 20 36
102 117 36
103 70 25
67 12 25
144 57 28
64 117 35
62 48 14
194 31 29
32 104 31
61 200 19
188 122 20
39 76 25
6 189 2
154 135 10
14 184 4
112 192 32
161 148 13
83 137 3
136 118 31
175 62 4
156 8 4
136 15 18
58 139 31
62 182 31
51 156 23
79 168 24
117 164 9
13 84 11
166 23 31
184 31 13
5 136 2
198 106 25
54 171 36
36 125 23
13 170 11
81 157 35
104 6 31
51 148 18
51 158 19
74 188 31
61 144 8
110 86 24
55 49 21
48 16 18
53 188 6
69 11 16
198 104 16
74 200 4
16 152 23
154 188 9
133 42 25
109 110 29
71 176 19
83 63 21
168 86 17
3 189 27
48 176 1
112 60 36
11 29 9
35 41 16
110 70 31
195 107 3
128 75 23
64 186 34
55 27 17
191 48 11
136 155 7
93 177 34
36 193 22
153 149 14
1 163 29
20 35 24
22 18 16
180 93 26
128 144 12
51 120 23
107 11 34
180 54 27
5 187 6
49 150 3
195 141 17
61 199 15
172 182 4
10 136 28
11 195 34
48 64 5
42 97 12
29 185 21
116 79 31
37 113 16
189 84 6
81 185 36
91 128 27
137 80 10
136 168 13
112 179 14
129 42 32
89 177 28
87 182 21
47 181 1
124 107 29
90 121 10
148 140 13
53 62 15
19 66 27
82 171 9
43 64 32
51 162 22
127 116 30
7 167 22
117 186 1
194 14 36
52 188 19
176 191 25
157 185 16
51 93 26
123 75 16
166 112 13
108 151 24
6 151 10
8 53 17
124 153 1
180 51 25
52 45 2
174 116 22
15 159 22
128 57 21
183 72 8
152 172 8
3 118 9
173 154 25
85 160 22
101 23 19
54 114 27
45 172 14
62 50 17
84 32 15
39 46 28
88 37 34
152 48 36
135 188 21
87 48 26
96 7 10
183 31 36
139 73 12
130 132 21
2 67 2
149 23 18
195 126 18
77 25 10
155 109 30
16 176 17
31 67 6
150 76 26
147 184 18
5 155 23
199 8 25
147 40 10
85 86 27
92 104 22
67 68 7
35 137 22
169 135 22
120 89 34
160 103 9
195 66 4
182 169 1
96 132 10
102 182 10
164 76 8
110 136 9
53 4 8
178 163 31
5 118 10
62 75 24
40 194 30
149 179 33
124 141 21
106 77 34
115 30 1
129 179 31
137 17 24
146 31 14
75 8 4
160 70 15
78 187 16
173 200 4
123 154 31
68 58 24
35 194 23
17 84 10
37 34 9
104 132 30
185 69 8
68 146 24
105 156 28
98 131 2
41 80 14
13 190 10
171 158 2
131 180 32
81 192 24
104 151 14
4 162 31
30 25 22
115 13 24
164 16 16
35 31 23
160 26 21
68 167 13
14 63 4
25 59 31
108 59 21
95 30 2
109 159 8
111 98 24
78 193 11
111 127 27
63 17 32
45 50 25
199 123 6
40 139 17
121 185 27
28 27 8
113 106 36
168 165 3
163 20 13
151 198 21
70 36 3
99 198 13
101 64 28
103 127 24
74 154 23
53 172 9
138 57 17
50 46 1
140 54 12
54 120 2
191 45 6
33 60 27
179 133 9
11 129 14
39 28 27
138 120 11
86 70 13
78 174 5
169 156 35
142 128 12
73 163 31
160 111 22
115 88 33
164 71 6
95 32 19
109 168 35
79 78 9
135 162 9
31 41 2
132 32 35
98 174 31
26 89 33
64 164 32
83 146 4
45 122 16
51 89 12
99 190 16
95 84 27
115 34 21
45 142 13
36 93 21
71 117 4
148 82 13
68 17 25
185 192 29
167 137 4
18 181 20
94 1 30
133 185 30
198 108 5
117 101 12
93 70 22
54 91 31
77 37 30
143 180 13
41 1 2
118 189 33
58 56 17
75 162 25
96 106 20
64 71 3
168 181 19
159 131 10
190 77 15
198 15 4
31 17 24
145 42 9
70 193 32
183 17 22
26 36 33
10 109 31
101 16 16
166 185 2
25 130 23
196 34 14
74 50 30
86 10 24
141 38 27
39 172 22
46 142 11
120 148 14
140 144 5
117 16 30
101 39 22
156 61 6
193 160 11
85 82 9
32 30 28
10 181 26
144 114 25
159 98 35
75 154 15
200 142 4
168 47 16
65 20 35
153 133 32
23 117 24
165 170 9
161 177 1
139 56 6
90 107 11
81 29 20
90 141 7
57 51 21
196 88 35
153 141 35
134 25 1
197 44 6
68 31 31
174 168 2
142 52 10
8 148 11
80 167 34
41 94 22
141 121 6
171 135 33
32 3 5
83 196 28
131 86 16
85 158 9
10 174 26
200 46 21
12 137 11
13 25 35
128 8 5
120 171 5
3 99 22
99 13 15
145 121 3
169 45 6
164 39 29
59 198 18
51 114 4
140 120 23
55 76 32
27 164 5
83 14 3
36 78 15
109 70 5
45 4 4
108 22 2
66 185 9
21 15 36
74 87 34
127 177 1
18 21 4
108 118 15
78 127 15
27 112 27
69 129 18
67 167 36
126 66 36
134 59 18
84 34 10
36 131 20
117 97 35
46 169 6
72 58 11
78 110 3
189 92 21
173 74 22
188 162 32
6 118 8
149 166 21
131 89 36
28 186 19
64 100 31
164 149 16
47 108 7
125 143 36
175 53 7
148 171 21
152 43 36
144 154 10
99 34 3
41 184 20
142 74 24
13 132 22
63 96 27
2 80 4
112 102 25
80 35 4
27 150 10
199 91 6
39 152 14
159 165 15
183 194 14
29 133 5
140 156 6
178 65 30
169 175 25
33 121 2
136 18 25
94 35 6
115 67 28
194 94 35
16 76 28
14 68 28
9 185 28
42 23 2
52 87 15
16 74 2
75 188 34
179 166 20
119 80 22
74 169 23
94 72 32
129 185 24
157 166 10
189 170 16
1 73 15
99 32 3
105 114 27
168 98 19
77 95 13
133 145 15
166 24 6
171 57 29
88 30 18
87 75 30
106 83 13
47 18 13
23 9 9
84 115 29
103 116 24
28 71 9
107 38 18
170 136 7
68 137 23
126 124 22
180 89 6
200 8 22
7 88 10
43 176 12
106 190 15
32 151 30
82 114 32
116 89 24
69 33 19
42 81 18
132 59 21
181 22 24
184 68 10
149 76 1
4 154 21
152 71 27
96 119 2
49 27 22
25 96 29
29 19 27
70 26 16
71 150 25
116 86 1
75 74 29
64 152 6
47 3 19
167 37 10
76 28 1
62 172 33
188 8 2
128 199 19
17 2 28
16 49 33
140 82 32
33 97 33
110 181 23
162 138 10
56 65 31
145 112 13
60 157 26
58 40 35
116 160 12
122 100 18
197 41 4
136 21 10
17 113 21
35 147 18
149 102 7
75 200 32
7 80 24
109 78 32
43 179 26
106 2 24
43 16 15
45 46 28
6 95 33
171 105 13
146 94 8
190 136 35
11 90 1
150 55 30
85 193 4
51 85 5
165 5 14
75 52 11
118 32 33
174 170 4
17 58 26
147 41 30
156 143 34
70 10 25
186 39 13
168 18 24
97 27 31
26 111 36
91 140 20
61 128 32
49 23 24
89 36 22
52 172 36
166 121 25
112 49 8
92 151 34
187 159 18
19 69 21
199 200 28
139 20 34
52 173 26
187 86 29
28 101 15
103 125 24
162 171 30
46 172 32
9 152 4
151 47 8
37 67 25
137 2 2
15 18 1
54 158 30
15 22 2
187 18 36
36 85 36
70 174 26
194 147 33
125 127 12
42 179 26
134 106 17
103 86 34
140 57 35
88 80 26
185 149 22
152 101 22
14 2 6
144 135 32
9 16 32
97 179 35
4 74 16
109 193 19
112 23 8
2 119 28
109 79 28
137 196 21
128 135 29
115 96 24
113 96 28
24 49 23
15 6 34
60 129 9
4 105 14
84 88 28
155 187 24
91 156 3
168 111 32
162 199 9
81 107 22
127 160 1
183 41 17
82 123 31
123 138 6
111 116 8
97 164 8
9 145 2
158 162 2
165 118 36
190 134 6
67 196 25
147 94 17
97 166 12
75 156 20
108 170 13
157 19 10
151 18 2
69 60 35
135 142 17
19 192 34
36 111 6
39 117 2
106 7 21
146 14 36
14 67 30
49 133 25
128 154 33
190 130 33
59 130 36
13 32 17
73 56 20
74 100 17
65 1 17
85 116 27
51 161 15
198 34 30
23 179 34
100 48 19
162 123 21
152 100 6
165 22 19
19 11 7
27 33 22
27 117 15
123 91 17
13 151 6
6 170 17
110 159 20
37 68 1
15 118 17
198 189 16
34 96 14
145 129 9
9 27 30
168 10 5
186 122 21
17 196 11
54 51 28
193 127 9
112 55 10
20 194 34
144 123 4
191 71 18
192 11 1
167 83 15
186 191 12
177 120 9
160 93 34
62 39 13
197 178 15
159 174 14
171 140 9
192 66 26
88 83 33
198 3 21
193 168 7
200 175 28
109 111 2
106 25 17
164 43 9
135 61 1
124 38 20
9 112 18
110 165 26
74 122 16
35 65 27
138 82 32
182 74 34
28 16 29
4 142 26
2 196 31
131 116 35
186 62 25
67 184 24
142 114 22
17 146 35
133 81 8
109 86 10
130 7 26
144 188 13
154 142 21
21 159 5
125 86 18
111 193 20
162 61 14
164 100 18
128 4 11
158 143 16
48 71 19
45 61 7
46 74 26
89 93 29
24 149 25
199 114 17
113 189 30
176 76 5
100 186 28
34 83 25
101 71 13
175 188 2
18 170 3
172 128 33
117 28 4
124 66 27
35 40 8
187 79 18
136 189 9
14 80 6
105 144 11
182 43 9
72 12 10
124 29 29
122 64 5
81 97 32
79 159 25
189 18 34
62 173 15
113 115 16
45 87 11
106 88 12
33 23 26
140 114 34
179 49 7
181 118 10
99 132 10
179 145 11
172 173 1
85 131 36
93 120 17
44 35 34
129 29 33
158 57 27
30 13 6
179 24 22
194 44 28
180 177 35
62 46 32
189 110 34
99 104 31
164 112 36
87 50 6
27 102 2
81 33 4
17 80 31
98 10 26
101 62 17
176 164 2
160 110 20
85 93 32
29 145 3
126 107 22
161 127 16
110 5 34
22 189 18
11 38 18
155 110 9
110 92 35
145 33 23
54 143 19
25 83 15
86 161 30
129 157 7
188 128 20
168 70 26
132 190 6
54 148 32
135 200 14
108 181 6
88 67 9
102 179 27
110 168 7
143 105 10
2 183 10
87 175 29
34 113 1
35 183 6
161 160 8
189 104 36
161 57 34
78 5 22
183 67 18
39 75 8
193 26 27
99 84 11
195 153 27
21 92 20
68 80 27
22 155 13
129 33 10
83 12 17
37 7 31
95 25 17
95 130 16
120 193 27
4 199 33
191 39 2
46 87 34
193 161 24
170 92 7
114 120 14
183 196 14
108 15 34
50 172 10
148 91 3
152 62 18
164 55 1
193 103 5
118 92 28
96 77 34
184 17 24
22 198 9
13 59 35
186 71 13
112 97 27
59 151 12
35 68 10
3 59 24
133 129 8
56 178 24
41 40 20
101 176 20
33 149 36
144 148 10
193 93 15
175 45 11
52 199 12
192 69 25
79 86 13
184 72 7
150 28 6
141 11 34
166 81 36
63 72 23
69 42 23
161 120 24
25 84 20
133 66 27
87 142 3
166 9 11
30 113 30
174 111 5
111 22 22
20 73 30
121 19 8
104 108 16
74 52 4
66 121 30
194 184 13
166 60 14
70 159 34
150 64 23
86 160 23
119 34 12
167 17 25
5 18 11
79 193 8
197 1 18
119 106 23
2 167 16
40 1 20
113 83 8
27 76 5
191 62 20
123 114 15
197 65 34
66 141 17
146 40 8
46 173 1
37 96 9
148 158 3
98 78 12
192 133 19
5 47 9
66 33 26
43 55 30
116 36 8
13 130 16
131 111 10
49 195 16
1 139 31
185 124 17
122 182 1
48 39 8
98 110 33
114 171 36
158 89 15
157 126 7
187 110 21
138 91 6
181 21 31
6 47 21
173 87 6
92 134 15
13 134 34
105 128 9
8 142 33
132 92 13
139 197 5
35 58 19
21 118 25
138 199 35
101 43 24
94 40 23
103 177 28
107 153 13
33 185 19
93 127 12
52 62 21
114 158 24
160 187 29
104 15 28
197 73 5
181 5 12
54 161 13
34 30 28
24 192 35
164 152 24
161 89 15
55 101 34
85 89 22
189 15 26
30 134 25
172 74 25
29 66 20
113 119 29
142 53 4
192 126 16
8 61 34
74 191 36
79 111 30
175 173 12
61 188 9
56 40 26
9 42 15
94 184 1
22 92 16
163 139 21
8 123 10
82 131 21
77 7 24
154 175 30
151 110 27
5 170 35
139 194 2
19 90 4
40 178 35
71 43 35
134 95 5
191 16 1
183 68 1
153 38 27
35 146 18
58 147 31
14 183 29
115 7 19
47 118 34
156 114 17
55 62 24
90 29 6
80 83 16
62 74 32
150 101 33
183 63 36
91 144 32
183 184 6
50 100 32
143 89 10
67 146 16
28 62 15
165 187 22
99 59 1
31 58 20
140 116 7
132 151 6
156 135 32
170 22 11
198 13 29
127 36 11
83 7 36
170 21 22
143 103 11
16 97 36
72 194 19
30 77 18
138 140 33
107 19 34
144 138 16
67 17 7
69 24 9
26 127 18
40 197 19
119 115 9
80 84 13
88 25 14
159 86 31
173 186 15
155 18 18
137 37 14
122 62 5
114 143 36
132 84 25
88 130 17
131 54 8
149 9 11
33 192 22
72 44 18
97 49 28
50 52 16
29 153 34
125 131 29
89 54 8
158 105 11
99 6 2
55 102 13
20 1 14
174 118 26
128 175 31
191 50 5
149 112 20
173 182 20
164 101 25
66 153 34
169 52 26
186 182 25
134 108 19
129 166 20
100 71 36
47 165 18
151 136 11
130 113 30
51 125 35
52 122 4
63 137 7
57 148 32
3 151 1
48 46 13
190 30 8
189 108 12
115 83 30
52 200 20
85 103 8
128 162 4
4 156 19
122 175 32
114 148 5
189 5 20
35 72 19
56 20 25
76 9 18
42 149 6
176 186 22
190 198 4
2 37 31
197 58 2
64 112 36
179 157 9
157 133 17
149 16 24
79 127 24
130 106 12
170 10 32
192 121 7
70 136 23
170 15 19
89 103 23
162 91 6
24 60 20
33 133 16
3 190 36
147 56 20
27 42 11
12 184 24
163 197 26
63 37 21
46 122 8
126 19 20
55 64 21
52 46 16
38 133 35
22 136 36
108 13 26
25 198 20
102 28 7
197 56 36
69 157 17
58 41 17
180 125 13
134 77 1
67 72 8
165 111 30
139 41 11
115 106 2
152 50 26
66 157 18
200 188 10
135 52 17
105 123 19
84 37 17
100 46 18
69 149 21
67 119 28
38 90 10
69 133 7
164 150 36
80 146 13
200 100 31
142 61 32
53 162 24
134 32 21
35 63 10
21 165 2
61 123 3
136 174 30
1 178 24
132 25 34
169 188 32
12 35 23
155 168 9
102 150 16
134 6 16
26 159 11
64 27 17
105 91 24
137 7 16
152 28 5
133 149 15
163 56 8
87 200 20
166 69 35
85 125 29
60 185 23
12 80 15
15 155 17
36 160 1
25 113 22
9 97 23
165 155 29
78 159 11
110 10 7
94 20 35
172 200 22
175 52 29
75 175 23
4 171 5
23 150 27
104 47 13
49 42 9
87 53 11
88 167 6
53 128 7
92 108 17
47 159 20
161 158 23
16 64 14
98 181 12
42 71 29
72 20 8
161 116 21
162 105 17
195 145 30
47 170 32
68 196 7
57 85 35
111 70 20
85 54 3
173 50 13
84 96 27
145 185 30
92 15 9
182 50 5
76 101 28
53 154 22
31 20 8
139 147 30
84 83 22
80 96 15
97 145 16
54 162 20
199 105 9
99 189 30
107 141 30
70 187 7
124 90 30
105 138 34
142 123 15
21 168 4
63 2 2
58 1 18
179 9 8
82 120 17
37 80 12
58 163 23
143 57 22
12 31 3
77 113 29
37 1 17
63 68 29
3 77 24
26 116 34
14 137 12
72 41 18
63 146 12
70 78 27
63 196 25
135 123 18
32 198 9
93 161 21
120 180 28
75 61 18
119 63 25
155 10 1
66 11 17
8 138 10
117 48 16
187 193 25
30 198 4
200 45 25
98 79 16
74 45 11
83 77 7
49 33 21
27 16 14
133 60 9
169 75 12
23 102 36
104 13 25
64 176 10
132 108 21
182 48 19
144 156 27
198 132 17
162 114 18
49 149 4
119 130 29
14 72 18
114 138 15
132 6 21
63 34 13
69 145 22
135 138 29
36 177 5
68 41 23
16 23 19
150 16 23
104 18 15
150 43 31
192 90 18
125 158 6
61 4 11
104 134 30
58 183 23
25 34 7
53 61 30
14 41 26
85 177 22
155 79 25
76 64 27
162 120 20
56 12 21
52 53 1
152 186 31
158 156 9
87 169 34
80 63 28
57 93 26
23 55 15
67 63 35
14 35 33
33 19 4
147 163 3
198 134 13
72 40 26
175 135 36
117 152 11
113 84 4
181 155 17
54 57 33
49 164 27
39 64 23
161 143 20
115 2 1
83 13 21
71 39 29
86 78 18
120 156 24
198 84 2
6 108 16
177 160 30
116 78 7
91 8 9
122 50 35
51 103 17
4 91 15
60 179 28
125 70 33
12 94 17
12 20 20
44 56 32
12 41 18
42 33 7
188 46 8
93 143 11
31 14 31
165 98 10
3 15 32
131 160 5
159 10 35
41 67 14
14 40 23
30 119 21
134 132 14
104 59 9
8 144 28
32 59 14
151 170 30
153 126 10
73 178 22
7 2 1
98 86 18
177 125 26
24 76 11
138 61 31
29 141 31
168 187 20
15 151 11
117 150 5
32 130 35
177 131 18
127 131 24
144 199 17
13 3 21
39 176 4
175 182 33
120 143 28
12 14 16
16 186 26
84 7 9
172 64 16
111 78 1
30 6 11
160 174 26
143 85 5
120 36 27
81 121 2
156 82 4
109 98 17
28 49 6
38 126 29
182 39 1
86 36 9
55 97 10
168 159 29
125 161 12
77 13 3
100 62 31
120 85 35
84 77 4
144 51 3
78 10 8
90 195 27
134 47 32
139 44 29
86 111 6
40 20 25
46 191 34
13 95 35
159 36 36
97 28 29
40 44 26
145 192 32
193 86 33
172 122 24
135 8 18
22 6 22
94 183 3
166 42 2
189 47 32
157 29 1
20 184 8
51 143 27
36 103 33
30 84 10
188 199 5
124 11 1
154 61 6
20 178 24
195 38 5
158 123 26
100 191 10
155 92 3
187 98 4
82 54 27
129 81 33
78 26 14
157 145 17
46 182 29
53 200 4
186 164 27
128 173 10
87 172 4
57 180 28
26 86 23
200 154 24
183 12 4
147 197 30
149 27 13
116 70 30
47 22 6
37 119 13
49 9 23
32 6 13
92 198 6
102 16 17
81 66 22
126 90 22
126 29 32
155 47 4
138 51 12
53 74 29
75 4 16
112 76 29
8 154 21
53 169 14
101 48 23
160 89 6
77 99 24
173 169 23
174 193 5
132 3 35
164 28 1
87 122 7
165 10 31
105 140 6
113 67 15
108 21 18
124 81 36
121 129 7
155 70 5
97 150 11
116 193 34
135 4 19
29 38 22
3 108 24
121 29 15
88 96 14
194 65 15
54 111 14
44 65 26
20 58 30
48 186 21
147 20 28
18 165 9
158 120 12
106 80 36
1 44 30
49 166 15
146 41 32
