60 199 37 15
42 52 6
46 19 12
51 47 13
7 21 2
5 35 5
41 6 15
60 28 10
35 22 7
30 16 6
49 48 1
37 34 12
6 33 8
31 52 10
33 5 3
59 28 9
43 18 8
56 54 5
57 24 10
30 29 13
11 15 6
22 41 6
59 42 7
56 11 4
23 47 1
27 36 5
51 30 8
14 48 3
38 19 15
59 2 13
36 19 16
21 42 6
3 46 16
43 13 14
22 47 15
40 58 11
53 18 7
42 36 5
2 42 10
12 7 3
17 4 12
2 28 12
8 7 4
17 34 10
15 52 7
3 19 2
16 13 7
13 9 9
25 22 13
28 11 8
38 59 13
59 27 2
2 36 13
59 52 16
11 31 8
11 34 13
36 38 13
52 19 16
48 57 15
35 53 15
38 15 4
15 19 14
53 9 1
42 3 1
4 37 12
52 2 4
53 4 11
13 18 2
40 5 6
25 47 16
26 54 5
40 20 8
41 51 4
27 28 10
43 29 10
20 58 12
42 27 12
16 29 14
24 37 2
7 20 9
51 25 6
18 34 12
21 1 14
37 53 3
39 6 3
36 15 3
51 35 16
52 28 10
2 3 3
31 27 3
14 10 12
3 31 15
28 19 11
31 21 5
9 55 9
27 52 4
20 26 9
29 9 7
1 8 7
18 56 3
1 20 2
31 60 6
31 42 3
17 18 16
3 59 8
5 26 16
36 52 1
42 60 3
12 8 1
3 27 16
17 37 11
53 54 12
38 28 10
45 49 1
3 38 1
28 36 6
21 60 9
31 36 16
33 54 2
33 15 14
59 36 16
28 3 16
35 26 1
17 32 16
31 2 13
38 2 13
41 50 9
35 47 16
19 59 5
47 41 14
33 34 9
38 27 3
38 42 4
30 34 14
50 33 14
55 44 11
1 7 10
32 14 10
42 19 7
56 53 2
53 33 12
29 13 9
56 15 7
22 23 8
2 15 16
20 12 13
9 44 10
12 1 14
30 47 8
29 18 13
24 48 13
5 11 14
42 28 7
23 51 5
30 43 8
22 51 16
45 17 7
36 3 15
15 54 16
21 56 8
45 26 16
22 30 10
21 8 15
13 30 13
5 56 10
52 3 8
48 10 3
5 45 9
56 26 13
19 31 8
55 4 1
3 15 9
43 9 16
6 40 16
27 19 14
39 41 5
49 37 14
21 12 11
32 55 5
1 54 9
2 27 6
23 30 1
2 19 15
54 12 9
45 14 11
35 50 3
38 31 8
21 28 12
59 15 15
7 54 4
34 35 12
52 38 6
37 45 2
31 28 1
15 26 6
43 16 7
31 59 2
37 35 2
25 41 2
11 42 15
