750 4167 455 62
484 622 42
244 694 127
618 117 117
251 3 17
382 330 113
322 216 37
203 603 84
529 681 131
282 735 103
282 139 69
619 632 128
18 624 70
582 103 5
502 183 86
157 726 51
411 476 5
3 238 135
476 409 91
696 231 97
324 583 51
703 139 21
719 533 59
214 234 90
18 440 68
502 661 64
139 26 3
66 387 67
157 116 98
133 559 2
533 14 118
609 377 62
482 537 6
289 103 24
388 294 135
654 476 142
496 214 8
570 6 88
492 363 116
157 346 88
356 247 50
32 410 136
567 420 22
162 715 60
639 493 33
743 471 126
575 577 132
532 215 70
123 26 66
601 655 73
602 445 47
287 415 93
489 247 109
621 4 48
370 143 47
387 412 72
8 533 110
694 652 31
670 471 95
649 248 43
284 494 66
749 625 60
186 210 145
206 480 123
521 651 25
9 484 116
246 592 142
423 184 90
178 634 54
614 471 68
307 384 79
279 463 22
396 470 94
209 661 111
143 684 132
517 254 30
428 347 1
235 384 24
660 625 89
426 518 122
307 313 44
122 52 50
545 63 107
395 603 103
635 220 77
101 3 140
709 112 93
173 424 103
508 163 35
58 498 55
425 419 24
746 166 38
690 593 25
633 238 38
315 612 67
68 321 143
403 552 141
213 317 79
412 251 144
307 485 91
518 396 65
741 559 65
388 355 96
488 690 5
371 287 61
254 212 68
18 327 67
632 235 111
199 287 140
546 468 96
469 663 6
415 544 102
496 93 89
162 655 92
641 676 81
69 576 36
653 517 100
712 691 120
83 276 134
625 488 16
643 358 106
382 224 41
79 187 113
112 688 49
661 351 105
205 668 62
485 542 141
614 10 10
162 173 128
96 250 26
570 209 97
661 366 43
595 513 82
133 85 105
292 63 94
9 500 24
555 292 138
111 69 98
679 411 33
520 641 59
179 579 38
581 488 26
60 442 88
259 581 54
393 85 32
533 543 39
620 528 108
523 300 25
689 80 35
502 80 76
508 98 54
331 105 15
570 299 65
234 620 137
97 75 145
372 12 70
37 649 125
440 544 57
746 544 135
485 387 2
572 151 115
66 68 124
315 196 128
617 276 104
616 170 50
117 536 120
449 727 35
439 304 73
244 307 125
521 462 69
170 348 71
611 356 32
726 665 2
218 638 77
143 396 81
488 620 22
363 60 98
132 328 13
748 719 144
348 750 82
140 33 38
351 552 114
610 638 52
198 163 58
713 547 28
654 411 141
632 238 34
191 56 61
321 531 11
141 123 35
713 662 73
41 98 132
488 593 133
654 228 109
159 123 72
734 536 71
329 671 81
145 216 4
198 678 29
545 65 46
225 665 43
250 489 111
426 159 99
212 718 35
707 741 82
25 726 108
87 745 78
343 710 55
322 172 7
238 412 112
227 440 129
532 173 88
468 293 77
689 715 135
405 40 85
322 660 137
148 635 104
725 428 63
75 586 104
551 714 51
8 719 115
661 173 8
619 404 93
471 30 142
730 360 142
311 68 85
103 370 40
510 514 105
384 311 96
685 620 15
552 6 112
68 734 141
463 426 8
529 139 22
536 412 99
697 123 94
385 133 100
363 451 55
138 143 142
746 676 131
530 471 102
712 225 27
134 47 32
62 415 122
103 391 38
233 112 129
234 233 74
446 383 92
507 693 29
714 276 75
112 644 29
134 113 62
307 251 95
122 612 84
361 433 33
297 231 128
575 718 75
346 649 110
369 322 51
657 533 119
732 26 82
507 598 96
142 70 28
369 68 137
172 106 105
552 276 89
418 634 132
443 94 87
466 250 74
625 93 86
31 615 35
616 361 60
492 248 102
304 229 121
261 750 136
403 299 6
161 553 43
459 272 80
384 455 73
106 85 80
269 487 33
646 591 78
282 391 120
412 452 114
255 679 87
433 532 132
654 644 77
622 403 117
323 712 53
403 317 94
620 214 29
117 412 63
340 455 117
441 466 37
339 378 22
226 340 15
10 670 127
66 315 42
295 233 124
298 500 68
704 184 79
552 215 112
727 262 16
664 12 63
622 27 117
113 249 113
179 335 127
681 558 83
251 238 29
726 657 20
679 513 80
544 267 133
354 484 120
53 576 28
116 712 60
648 732 103
348 346 98
355 283 44
745 62 8
393 172 97
496 488 121
363 595 43
306 465 19
160 470 106
48 562 3
76 618 74
60 292 42
56 234 95
172 660 97
110 528 117
617 592 123
81 536 59
741 151 41
624 440 61
130 642 144
745 267 80
411 133 19
430 730 9
617 735 77
480 246 40
735 713 54
279 267 105
9 713 33
201 243 137
62 87 20
656 655 86
162 712 109
27 403 12
341 698 110
215 6 46
570 646 119
710 391 29
498 688 39
307 455 144
210 681 79
381 132 120
622 646 76
166 544 20
709 85 76
113 329 69
93 612 5
424 366 15
114 326 121
35 562 59
572 741 84
18 450 19
734 311 70
442 111 103
705 523 87
543 576 102
689 532 106
277 94 76
194 575 68
298 370 30
93 620 116
161 102 29
295 315 52
545 111 4
81 618 19
498 709 133
82 155 7
180 688 138
496 142 55
323 14 96
532 361 49
546 665 105
246 143 106
614 335 6
668 170 86
439 255 79
117 142 136
344 737 50
44 69 63
372 584 83
123 87 12
612 196 18
578 672 85
366 691 23
612 400 138
82 208 8
689 162 109
495 434 45
609 115 37
49 618 96
87 732 128
354 221 99
181 400 49
660 687 73
630 507 106
356 741 99
228 555 131
39 570 108
257 505 74
617 500 24
614 648 76
273 124 133
349 522 71
485 268 98
498 247 132
319 31 102
696 656 14
435 167 23
56 690 119
442 492 146
514 406 75
154 132 129
191 428 137
703 480 54
296 724 25
242 616 29
236 122 2
720 679 123
162 6 137
247 106 94
268 153 3
363 147 128
214 441 76
735 714 102
147 595 85
682 662 65
488 93 2
202 24 98
304 37 83
77 348 97
229 385 117
502 366 37
356 112 47
456 738 131
261 8 41
476 537 6
58 356 101
158 109 145
209 366 126
529 449 60
543 57 87
544 371 47
371 641 41
725 322 99
703 370 126
18 544 141
558 160 66
278 424 59
334 421 8
482 588 81
393 58 16
8 53 126
632 101 38
247 441 103
703 103 60
697 139 16
25 424 110
748 102 35
509 640 1
484 392 30
138 370 19
147 255 118
183 213 106
278 726 101
705 505 110
289 610 135
712 361 41
424 715 31
338 138 105
14 616 44
450 166 4
170 8 69
322 214 126
5 361 111
321 452 119
619 226 99
690 416 43
11 728 140
63 243 138
485 384 141
323 742 96
148 45 8
679 359 48
69 348 96
697 426 86
321 618 102
339 576 38
299 39 73
304 679 102
735 547 45
498 356 83
271 443 122
273 694 31
617 713 58
180 709 13
81 233 20
304 69 76
154 681 15
2 715 60
624 327 101
307 734 120
665 323 76
261 14 78
466 247 2
742 490 47
594 131 21
675 1 6
535 401 116
644 545 107
298 640 27
697 289 23
123 713 59
106 133 6
592 509 6
555 654 128
690 203 143
401 464 130
746 450 97
40 99 32
642 740 145
735 183 46
12 586 138
361 689 66
278 657 132
599 221 80
640 495 71
517 453 125
162 665 3
237 560 1
289 139 79
745 697 64
255 442 60
255 513 57
370 582 67
233 214 132
584 12 25
732 141 142
519 284 5
705 686 137
60 451 29
295 81 140
633 542 68
485 412 46
706 635 66
49 66 103
595 702 16
374 426 75
544 641 70
224 16 78
648 471 143
470 26 15
123 267 106
180 233 108
527 615 140
476 63 24
262 640 55
239 467 124
650 206 19
37 629 10
371 450 66
298 449 31
746 287 86
72 125 113
428 593 59
317 657 22
246 64 83
618 300 35
512 608 33
56 612 105
520 371 139
447 461 103
581 325 28
439 229 48
582 617 126
129 434 44
433 14 118
689 712 127
566 300 70
76 485 84
326 320 47
697 732 84
295 66 79
649 147 103
348 147 88
412 618 110
141 529 61
579 335 123
691 323 34
652 340 53
54 485 5
403 646 76
3 70 19
58 85 138
682 213 10
640 143 94
489 294 36
313 452 39
197 227 136
296 506 84
73 454 72
245 139 100
112 292 80
650 279 122
385 247 75
415 520 19
170 691 71
714 391 91
101 455 49
275 496 114
387 612 19
24 115 65
304 748 59
746 327 80
712 665 61
65 410 84
495 155 24
665 299 144
226 70 48
262 59 10
362 236 5
433 278 130
691 2 127
119 211 55
282 138 107
143 195 104
543 323 25
1 265 103
523 376 121
462 263 72
618 311 40
422 373 8
622 578 144
710 368 15
133 442 110
68 416 59
282 449 19
60 537 41
400 734 121
117 321 69
654 356 43
56 741 91
637 457 136
570 276 6
551 103 18
637 59 124
9 582 135
225 170 53
26 87 71
707 112 91
240 70 77
103 518 97
691 726 55
747 86 70
172 677 117
557 556 37
408 126 59
411 385 62
139 582 105
261 616 14
343 680 89
676 371 98
103 470 83
647 285 121
18 287 49
727 206 69
239 100 121
81 496 78
556 259 100
748 170 91
713 169 104
485 652 23
445 248 89
361 25 62
552 591 82
552 616 145
387 618 133
571 479 71
7 377 92
750 596 10
36 160 98
407 706 29
405 99 100
546 241 22
27 221 109
442 356 117
317 552 121
346 147 129
511 447 121
133 476 12
123 518 98
637 119 11
296 413 77
411 545 69
348 261 64
117 485 34
348 53 107
348 363 6
93 725 95
159 36 146
62 267 138
697 670 113
216 189 102
476 60 13
252 143 35
601 708 9
409 380 73
313 226 60
339 248 130
172 191 53
649 339 52
391 547 73
657 459 41
436 611 8
677 310 145
129 144 86
162 532 126
542 117 57
549 743 39
366 689 83
637 211 89
272 320 4
159 62 1
240 101 20
660 93 7
151 393 31
143 289 99
171 280 11
500 735 36
618 536 88
416 76 38
14 162 119
366 6 74
392 714 107
170 53 77
370 500 111
180 356 79
81 416 92
480 159 133
620 295 84
111 537 141
30 549 52
452 54 91
374 529 62
732 285 25
262 714 41
551 609 116
339 720 43
726 14 28
25 533 8
27 276 22
148 628 105
26 289 87
173 351 48
7 609 121
298 713 104
644 60 58
72 273 123
396 206 46
727 143 68
582 592 39
362 52 84
356 292 16
392 213 118
664 372 88
725 593 14
597 645 118
226 101 143
2 532 98
416 93 109
700 47 32
741 369 139
180 707 138
593 93 61
127 353 50
616 278 95
682 183 46
700 569 31
439 649 16
699 739 47
369 572 67
306 630 117
553 69 60
455 652 130
142 452 40
496 528 111
575 252 109
712 726 143
570 672 67
117 452 5
621 493 120
68 412 52
191 247 124
417 23 106
676 544 48
504 318 106
513 482 117
725 68 22
136 152 24
85 441 4
1 201 64
141 374 29
558 186 8
522 421 13
515 277 117
142 321 50
349 421 11
28 125 2
675 89 138
647 179 120
496 110 107
287 460 64
416 315 93
258 667 73
428 400 6
395 203 118
465 539 3
110 428 81
369 234 11
463 643 31
661 552 108
555 644 119
101 485 65
690 191 125
608 463 87
488 247 130
30 179 16
183 591 102
285 471 78
743 648 11
496 54 112
633 307 86
616 157 3
428 93 56
548 211 82
327 450 81
729 432 45
531 412 45
374 396 40
159 470 124
80 6 110
247 233 144
654 201 45
669 552 146
748 513 110
133 688 102
592 662 106
499 303 89
269 22 8
346 595 134
355 393 114
266 309 109
449 254 97
581 56 19
91 150 123
247 85 77
7 115 85
532 25 140
690 707 60
93 233 80
345 494 18
391 138 41
617 333 116
680 500 33
117 384 25
112 151 122
361 424 86
547 138 63
400 81 64
619 455 98
332 301 17
551 592 68
638 703 10
348 665 103
118 653 115
28 70 128
582 449 38
425 440 12
85 706 81
533 346 99
189 232 69
176 464 39
484 552 140
180 191 117
587 348 84
559 393 143
351 162 48
68 117 75
575 517 40
641 746 112
620 572 87
416 196 46
518 449 77
595 720 130
214 79 109
233 35 132
647 549 98
2 730 134
648 30 80
35 198 99
744 126 62
513 304 132
58 442 86
285 10 131
6 299 102
339 750 120
6 622 31
420 315 118
103 282 2
748 476 78
632 694 86
591 6 24
207 174 115
652 101 130
139 449 95
581 81 95
323 157 95
88 102 6
488 110 53
619 3 128
748 492 146
618 531 37
665 157 25
661 689 72
135 12 95
590 733 55
142 311 11
289 449 121
529 252 7
654 537 90
14 71 11
485 734 95
298 592 46
391 682 29
254 195 24
485 238 133
436 96 70
7 580 72
323 366 39
591 714 60
281 167 132
708 656 124
697 703 36
332 57 145
748 204 130
498 133 89
219 528 84
172 369 5
735 298 141
523 505 10
204 513 22
213 591 24
570 689 115
214 369 55
468 182 76
147 304 42
686 257 18
719 14 90
319 527 55
719 170 10
663 430 120
212 517 144
202 368 135
537 255 13
662 640 122
695 601 9
43 480 19
496 416 97
665 2 58
574 335 101
136 195 13
568 271 85
492 409 118
340 235 66
172 688 76
621 28 110
529 697 116
351 715 118
509 213 79
10 743 74
351 299 112
53 533 23
400 76 99
194 577 143
58 292 114
449 480 38
451 409 67
93 214 50
564 722 146
713 103 43
674 192 19
650 732 127
229 513 129
679 69 126
234 488 10
132 245 3
96 390 120
111 230 56
479 331 5
732 470 48
654 63 13
518 732 101
228 247 129
648 647 111
18 746 87
228 476 134
106 393 98
88 304 133
621 639 59
287 440 71
707 228 56
412 142 96
240 632 28
106 572 140
460 520 99
151 625 53
739 686 131
111 709 103
518 703 146
551 617 107
87 267 122
282 659 97
9 391 97
189 557 66
317 570 65
225 424 136
675 397 56
299 162 86
298 727 50
703 289 96
614 530 105
620 369 36
83 121 145
215 299 39
551 582 116
219 461 94
204 304 17
173 437 143
361 366 82
68 54 25
509 500 47
411 292 50
537 363 92
467 83 129
750 77 115
581 322 143
602 255 70
632 334 135
83 286 146
618 142 4
612 496 16
433 162 58
215 662 92
323 424 110
396 697 5
707 393 119
62 396 129
333 138 105
686 42 7
697 279 113
244 652 10
516 622 80
348 86 115
55 38 28
646 6 90
654 545 111
84 306 32
289 684 136
374 267 60
688 385 11
60 654 138
65 675 10
703 159 99
546 182 50
396 139 4
720 74 13
396 745 11
626 318 98
743 335 124
346 719 120
692 482 54
393 356 33
213 391 30
322 625 124
709 228 32
703 246 66
302 4 39
278 366 23
84 539 71
384 694 54
297 17 58
522 334 89
641 287 3
691 622 102
451 595 109
373 173 133
98 198 7
497 350 39
412 235 82
272 225 63
439 513 74
262 143 50
552 173 21
492 451 126
656 737 27
381 245 40
416 106 48
147 339 124
659 152 117
378 44 127
665 468 45
480 103 16
697 650 101
369 151 44
215 433 133
372 662 23
64 651 20
570 392 126
416 725 110
256 513 41
618 238 59
605 437 20
592 640 99
404 238 82
466 228 109
27 646 43
8 157 73
229 363 138
225 616 22
720 204 141
543 225 62
419 643 126
325 725 133
209 351 29
139 470 54
484 317 121
590 421 59
632 652 71
333 282 136
463 87 41
485 618 12
684 714 8
518 138 71
326 225 59
173 25 123
363 255 21
746 371 111
713 714 48
87 396 92
470 87 61
179 614 108
403 502 106
275 347 31
367 242 135
56 106 66
39 209 11
285 648 72
713 509 13
454 646 15
577 453 56
80 715 75
39 552 118
653 718 69
499 188 81
727 246 52
63 482 6
617 298 125
9 183 145
135 75 8
707 191 97
116 533 118
529 650 52
409 498 73
492 654 27
300 331 120
133 466 102
49 142 84
682 617 19
289 370 132
159 463 131
749 486 69
735 592 19
488 151 119
267 159 122
509 333 144
741 690 66
276 6 104
339 255 100
452 485 13
361 661 91
450 520 64
484 39 111
304 348 96
719 366 144
70 244 132
518 727 82
328 154 97
395 677 135
60 409 26
631 217 135
322 234 62
282 714 49
682 713 57
619 244 94
277 443 116
337 605 99
356 230 63
720 649 107
572 233 86
610 724 8
597 51 92
164 539 42
527 31 114
168 5 37
593 81 31
183 662 146
625 81 115
355 294 27
439 492 30
624 520 64
111 409 120
134 249 12
334 120 80
629 728 70
442 649 57
458 209 73
25 691 78
111 60 42
287 166 52
14 170 90
209 276 46
139 381 123
607 141 81
559 385 39
246 582 60
384 313 43
196 567 58
76 49 107
643 512 24
27 509 100
158 613 137
552 299 136
726 366 35
315 110 98
261 657 19
26 279 122
409 545 21
476 439 66
356 688 92
691 278 70
684 27 19
213 209 49
53 665 141
719 691 45
192 260 91
204 555 97
695 424 77
267 732 63
498 482 102
714 9 77
73 591 32
366 225 1
330 352 65
196 110 8
295 234 115
683 699 124
391 713 99
372 586 80
712 366 11
440 450 54
44 553 115
76 311 1
340 244 40
1 397 106
709 63 107
101 619 51
206 282 63
227 643 64
391 592 99
348 116 121
689 691 77
213 484 48
498 559 12
426 440 125
542 694 84
9 682 60
116 53 40
616 366 19
547 551 38
709 113 100
644 744 12
614 30 43
442 230 75
372 375 32
21 433 79
618 400 92
419 512 85
451 229 6
357 67 24
54 528 64
56 180 33
624 166 42
622 209 143
107 493 76
317 276 9
121 239 46
232 253 45
531 117 137
727 282 49
533 720 28
172 581 75
709 555 141
712 657 137
242 663 63
643 579 76
387 49 128
110 81 61
536 66 9
247 559 31
267 287 130
480 518 46
576 51 31
676 327 27
496 325 98
720 451 27
735 582 110
479 131 128
307 404 136
115 377 61
440 371 61
531 313 68
683 311 46
116 576 129
731 22 52
748 595 126
29 24 94
495 156 68
518 282 62
138 252 12
442 292 115
379 722 113
204 492 21
222 685 32
745 374 2
182 293 92
228 559 85
725 110 37
676 166 54
649 595 39
80 50 6
58 644 106
458 613 18
230 482 52
299 25 130
520 166 16
622 39 86
433 225 96
574 579 123
535 406 146
536 54 51
424 162 87
682 735 103
547 509 119
652 251 59
559 230 121
202 29 31
237 547 130
191 466 92
709 329 90
235 117 8
27 591 143
581 690 45
411 409 87
228 292 62
581 593 136
719 225 118
435 281 96
101 698 146
533 278 114
654 442 136
333 682 126
77 483 85
149 543 107
490 360 7
27 552 58
80 366 92
607 464 143
147 204 140
252 518 146
690 85 3
197 358 46
673 242 106
450 544 123
453 491 80
101 251 45
189 253 111
396 426 69
133 482 53
290 132 139
6 173 29
521 659 125
356 709 88
253 369 16
183 392 71
87 141 20
10 30 84
27 2 135
689 25 89
196 49 136
243 692 98
598 50 12
121 467 76
665 14 142
531 235 62
351 39 126
595 248 57
424 299 62
700 456 135
684 592 33
485 455 22
406 464 146
527 494 77
117 76 60
557 222 42
556 216 73
119 91 113
369 106 138
538 380 24
449 391 16
407 707 139
688 233 64
47 606 61
396 26 79
94 271 1
459 525 112
470 650 51
312 538 98
536 325 101
503 584 63
640 646 110
93 581 50
374 463 74
463 732 2
191 498 108
570 351 23
696 737 32
528 581 20
8 339 47
150 64 136
238 694 89
292 409 77
426 141 16
116 320 68
671 436 83
659 651 92
573 668 137
289 480 142
151 191 110
92 486 20
595 53 16
333 500 105
587 301 8
334 585 57
262 206 17
473 229 96
14 53 83
528 295 111
553 102 81
543 147 141
593 234 94
313 632 122
382 16 29
289 206 30
262 551 122
736 33 124
688 151 40
261 576 66
403 532 105
315 311 11
619 341 91
528 725 138
230 60 146
313 235 144
671 113 77
650 26 92
394 704 87
621 302 47
259 557 28
96 356 106
591 317 45
263 659 86
193 422 8
463 206 50
214 581 128
6 209 94
53 649 41
485 531 85
400 325 126
588 524 58
470 426 17
30 335 127
584 237 74
734 412 146
233 151 138
69 649 76
411 482 14
464 123 69
709 741 117
665 170 137
370 262 139
642 256 53
523 42 89
592 333 59
244 142 136
313 240 119
302 28 115
532 323 135
361 2 55
321 384 65
95 631 46
317 646 137
279 62 128
143 518 91
481 378 47
581 428 129
59 211 41
347 324 100
480 141 31
510 303 40
323 225 21
618 734 135
209 617 42
26 103 23
101 384 75
58 180 92
665 533 23
425 745 136
25 616 21
311 531 109
576 595 49
745 123 142
720 346 65
548 119 31
694 455 112
569 606 47
14 278 44
309 241 90
303 414 146
640 403 61
735 336 98
138 139 118
427 675 95
507 373 94
404 633 40
433 281 34
529 426 19
356 559 44
204 111 84
246 150 24
562 177 108
607 636 85
214 660 107
673 293 58
488 214 46
333 714 55
382 652 80
393 709 11
69 750 47
493 244 119
625 234 79
727 138 117
49 68 52
338 64 2
295 725 111
442 439 9
387 311 40
745 426 70
112 106 116
196 593 74
371 199 110
547 27 68
133 63 114
101 238 4
385 482 40
166 267 111
408 559 97
52 236 41
18 641 108
262 298 94
63 537 27
490 435 78
83 239 126
559 709 53
147 77 81
214 612 53
75 213 61
715 361 33
262 333 40
340 404 78
244 455 140
206 87 121
689 299 106
109 403 109
306 50 43
594 563 145
55 196 23
231 737 39
128 418 59
576 304 75
248 545 12
638 43 84
707 612 129
106 233 26
229 679 79
430 360 107
217 95 120
701 232 14
265 427 109
299 646 145
225 691 41
632 117 138
196 536 78
4 493 66
470 62 73
545 555 38
286 73 120
689 323 36
412 321 100
534 436 80
140 448 60
333 246 75
650 87 46
691 616 64
741 106 99
369 56 57
412 315 4
69 363 51
682 646 87
204 476 71
542 68 91
691 424 112
612 81 68
82 495 44
385 292 122
519 31 20
139 518 132
166 327 84
465 164 136
336 501 126
572 172 79
695 655 82
575 43 120
528 416 70
613 403 94
660 441 116
76 725 24
117 387 54
127 102 33
589 525 62
103 139 111
385 654 142
303 36 9
492 111 135
279 374 32
213 714 70
205 540 1
518 529 111
718 491 35
111 304 128
387 531 36
6 323 47
80 173 122
449 246 83
307 542 100
392 682 139
235 70 85
502 95 98
80 299 109
85 180 68
251 70 90
398 744 88
529 480 89
590 185 138
745 358 125
241 71 130
721 271 137
407 497 139
127 304 44
134 329 39
261 665 72
505 739 93
255 409 138
133 709 97
48 177 93
542 238 38
81 725 5
570 484 30
528 172 26
408 456 63
233 172 58
530 10 88
133 292 28
80 215 48
732 123 15
200 389 98
448 149 61
162 601 108
434 617 108
484 209 82
19 681 80
111 476 112
595 77 93
156 208 38
161 44 7
732 614 106
18 166 90
128 444 135
694 70 23
476 545 16
140 149 45
572 322 75
688 45 34
363 720 105
42 505 133
284 527 145
618 110 91
567 181 35
345 284 11
714 547 80
112 133 23
125 273 18
570 661 73
568 204 100
628 283 85
609 457 116
634 537 36
416 536 137
324 275 16
663 742 50
172 741 28
282 582 82
25 278 33
492 255 140
3 633 10
384 632 34
620 496 141
451 482 124
536 612 43
709 545 87
139 123 110
289 123 111
3 240 79
578 516 92
741 441 132
519 527 86
333 727 63
8 750 52
369 441 20
396 123 128
392 39 66
427 230 118
96 611 87
143 206 56
238 531 97
465 84 48
245 328 87
321 238 9
488 325 65
577 252 73
385 545 46
2 25 5
179 374 133
525 71 40
363 679 128
517 103 105
682 298 130
482 229 20
555 688 29
235 633 146
348 719 141
28 273 82
191 356 110
662 213 48
376 300 118
7 24 145
104 338 89
86 483 41
261 37 130
229 230 82
538 65 126
460 199 49
649 348 92
492 537 43
749 92 126
514 600 89
617 9 86
70 307 98
452 633 62
215 712 132
645 576 28
81 528 68
651 338 27
62 650 22
76 593 33
117 307 27
366 433 65
496 593 13
132 681 142
266 525 95
411 63 9
480 26 73
428 49 26
68 531 96
116 543 112
49 295 40
710 24 25
66 142 74
340 3 71
39 276 42
391 684 2
731 219 38
679 60 130
625 620 118
229 492 108
563 729 55
647 574 141
528 311 32
640 714 32
472 602 89
645 51 45
126 190 15
460 624 12
735 9 76
295 690 118
327 641 124
106 228 18
591 39 51
8 301 61
734 331 30
393 56 145
324 181 46
56 625 118
38 567 24
54 387 126
142 542 82
596 11 64
680 169 125
323 430 119
227 61 71
87 426 57
292 498 101
21 281 10
513 60 105
26 518 9
391 727 127
170 2 105
625 572 16
340 313 47
565 341 135
76 110 86
14 712 123
466 707 144
455 70 102
154 245 67
411 230 130
384 70 127
384 619 68
292 741 84
563 623 42
172 295 92
218 610 123
390 611 7
703 143 55
498 555 75
251 452 77
214 428 90
439 133 20
144 617 32
248 304 17
514 401 8
342 596 53
392 713 4
403 213 30
690 369 76
607 535 92
317 502 20
79 92 95
60 411 91
536 142 14
451 439 49
516 669 82
209 317 123
500 684 84
38 181 39
531 536 71
225 25 59
417 117 12
138 298 44
170 278 133
612 85 18
56 562 39
409 439 40
315 400 8
712 173 6
391 333 72
204 750 39
168 422 103
213 298 112
518 370 142
234 581 42
392 547 130
707 106 50
498 151 56
106 690 134
97 221 3
528 400 146
298 103 63
622 661 2
445 359 64
253 701 132
466 180 73
460 450 105
667 81 105
147 170 13
557 145 52
142 315 77
547 640 80
170 261 15
70 340 138
368 115 30
679 439 67
517 118 2
81 76 100
228 58 12
387 76 103
650 123 63
732 159 104
351 646 136
720 348 101
428 76 12
459 589 76
543 8 139
185 349 77
427 201 28
632 633 124
476 442 38
706 220 119
463 62 144
543 170 131
112 741 77
84 50 40
602 256 139
572 191 46
407 46 133
593 416 124
536 49 144
159 697 59
292 229 110
495 144 54
326 272 75
196 76 146
102 44 29
363 111 21
330 313 96
197 643 145
401 123 70
726 2 70
138 246 14
585 120 113
80 351 65
510 396 89
9 27 44
555 356 88
442 451 103
114 525 38
424 616 144
261 157 75
106 466 43
623 432 11
531 542 122
660 295 108
654 230 84
142 479 135
130 740 110
620 441 123
162 215 143
551 449 12
707 625 10
282 246 124
203 677 118
551 377 139
596 74 107
748 439 98
719 261 15
533 726 122
392 646 133
351 6 32
678 35 44
401 636 85
674 395 59
296 610 107
317 183 128
715 532 141
98 191 87
649 60 23
513 451 138
451 248 101
370 727 34
14 657 82
551 27 122
498 180 57
529 282 108
253 687 11
413 724 62
160 188 128
206 529 13
451 649 138
715 552 65
682 640 133
345 565 2
619 240 27
120 349 122
391 262 21
416 172 53
706 350 115
199 554 129
291 16 102
255 750 131
420 55 27
396 582 47
441 180 21
404 455 80
356 644 10
444 658 36
159 396 57
255 229 33
371 624 97
77 346 107
315 725 94
581 725 42
547 484 53
578 669 58
387 321 58
37 225 39
229 204 52
369 593 49
262 119 49
39 646 128
79 749 18
363 204 99
132 206 113
470 289 49
595 304 122
9 392 97
218 296 64
361 173 37
741 644 91
37 339 135
375 509 1
498 476 74
544 624 29
318 238 49
9 547 90
499 36 67
450 199 136
277 541 39
195 152 89
26 206 112
190 456 113
20 516 16
570 591 117
240 519 33
657 691 32
633 733 85
61 358 37
246 262 115
745 650 139
649 379 40
607 176 128
679 204 32
572 688 34
180 247 50
668 140 112
184 645 31
682 80 30
715 507 35
126 398 137
101 235 58
624 415 88
194 43 107
117 313 61
646 276 84
168 193 140
703 529 65
502 173 41
531 612 111
385 112 62
183 209 71
346 116 118
234 93 52
228 393 123
741 385 57
595 204 93
545 229 137
473 178 38
131 68 64
5 297 68
106 234 82
227 425 46
267 520 72
219 22 118
141 697 1
737 25 84
498 671 120
64 462 123
653 212 92
361 726 23
591 276 18
627 45 10
528 612 20
682 650 7
81 93 35
199 676 74
622 570 113
282 298 100
629 11 46
464 535 94
468 241 54
473 634 46
595 339 40
462 338 12
414 510 29
455 240 32
555 133 106
553 378 44
684 551 62
252 103 49
370 152 118
61 440 87
133 409 61
713 500 93
137 129 84
449 212 77
223 294 137
720 304 140
428 618 143
536 400 66
29 710 101
235 387 121
138 262 76
515 473 27
261 346 103
392 586 20
496 536 67
230 644 48
385 180 60
227 745 106
478 296 35
137 280 88
660 690 48
305 429 94
255 204 118
394 483 15
592 392 112
159 87 73
689 351 101
117 49 143
433 2 102
389 526 83
58 411 59
529 470 83
190 408 112
663 278 27
482 409 145
8 37 13
392 509 7
502 39 70
689 616 58
511 305 9
695 21 18
248 37 86
6 84 52
572 690 81
610 478 118
317 239 77
465 50 139
147 8 18
559 644 19
207 723 40
218 478 120
657 116 50
252 206 114
707 620 101
20 672 18
690 172 57
235 694 81
213 646 23
441 191 35
574 179 100
369 488 135
321 652 56
101 340 114
244 452 140
393 482 71
517 491 46
660 688 85
371 166 86
525 657 97
492 545 71
559 545 139
74 379 87
145 189 99
53 346 20
510 188 113
418 537 146
657 2 111
218 506 34
87 697 146
415 327 18
620 196 4
604 490 10
85 498 97
635 180 73
152 146 72
14 157 91
618 54 132
520 287 70
421 733 6
49 315 146
60 248 30
544 327 135
509 276 6
356 228 18
191 688 104
579 279 10
313 251 108
14 543 36
314 320 13
179 743 68
404 694 35
196 311 140
714 27 22
734 387 146
572 295 51
444 634 107
570 502 79
184 53 76
142 387 22
442 545 93
36 414 62
81 234 20
54 238 56
356 466 39
228 482 28
695 165 72
702 88 56
707 234 112
622 276 124
482 58 21
62 426 22
460 641 126
734 321 52
625 496 110
570 403 121
116 77 3
199 544 53
459 326 3
8 255 104
37 750 127
536 76 138
691 14 8
304 649 99
112 545 3
229 442 25
593 110 16
2 278 118
689 719 4
581 625 116
733 318 45
244 485 51
9 592 97
258 477 59
368 7 41
229 476 87
619 694 122
713 703 59
687 232 47
8 649 42
316 1 92
350 41 24
424 719 54
750 719 117
295 325 145
106 441 136
276 403 57
746 440 10
180 559 14
311 325 133
191 58 66
231 689 115
447 593 88
559 58 96
536 68 20
684 713 131
366 299 114
81 620 88
402 711 35
279 470 88
576 77 32
441 192 85
375 560 95
53 147 132
707 660 86
54 117 2
518 470 87
404 124 1
657 665 111
147 750 30
570 173 83
207 542 112
212 118 52
720 37 145
379 67 17
620 172 3
654 265 133
265 243 41
747 301 113
215 661 28
214 400 73
739 257 141
451 537 111
396 141 39
139 143 129
591 484 60
305 667 38
9 684 13
19 154 46
592 714 64
225 14 83
684 343 41
727 684 25
661 80 28
255 69 131
601 656 112
379 702 126
720 77 91
641 624 112
233 322 110
339 748 49
105 571 144
339 304 7
173 403 9
313 70 78
638 296 7
22 511 81
66 531 61
511 528 76
63 409 126
545 204 96
436 112 39
26 727 138
291 330 33
39 183 32
363 248 135
557 322 116
62 460 95
237 156 112
466 151 36
110 49 15
415 641 57
372 503 97
109 613 49
746 415 60
251 632 35
461 511 41
637 609 139
539 661 60
230 476 142
111 411 128
66 542 96
204 63 145
691 80 48
416 295 29
618 196 53
616 712 48
182 673 36
27 640 28
339 679 112
126 456 21
658 442 140
624 450 38
165 21 75
542 54 126
222 259 49
315 536 70
669 40 60
133 228 38
624 199 2
439 63 8
690 322 131
543 37 15
307 54 79
116 261 133
46 350 23
133 58 13
582 714 134
335 374 13
637 377 43
542 311 54
415 371 89
578 20 109
509 298 4
299 361 13
240 404 143
85 191 100
633 54 28
715 366 12
399 236 89
387 110 30
138 289 138
200 526 80
411 229 16
467 317 105
269 475 15
537 230 111
261 69 98
375 237 41
684 640 104
463 512 68
726 616 130
242 469 33
650 374 117
91 548 113
703 218 69
521 338 83
54 321 17
3 621 34
684 213 37
713 246 28
439 537 5
85 741 22
732 30 101
513 363 12
607 670 132
559 411 118
582 333 15
214 690 61
451 679 7
648 10 90
482 356 70
705 376 119
576 748 106
750 346 27
474 44 36
56 322 53
725 236 55
687 15 101
26 703 36
68 142 23
592 500 49
472 130 13
143 551 33
409 112 8
188 303 50
157 348 29
720 230 41
352 382 50
225 261 123
366 2 59
488 660 61
499 396 84
333 7 25
183 97 64
547 646 18
440 676 139
233 441 12
16 493 51
68 428 85
640 617 55
715 622 104
579 608 51
157 543 75
732 396 102
54 142 99
66 618 135
416 400 35
322 528 65
403 591 125
351 484 46
537 411 71
485 321 10
416 572 117
691 162 50
400 311 77
209 591 21
333 735 65
453 718 125
70 619 69
660 620 88
727 9 129
151 356 43
726 225 116
197 419 45
251 455 101
153 384 12
744 308 66
298 246 54
446 452 7
6 689 55
392 662 65
717 51 122
261 53 111
210 160 107
449 103 56
49 496 7
422 605 35
652 3 48
524 292 64
34 109 18
422 215 103
27 213 63
162 661 135
29 115 138
327 460 139
644 498 12
437 422 22
429 477 43
370 480 134
262 282 33
749 685 17
76 412 135
258 122 122
327 199 93
54 110 88
675 32 127
270 568 43
324 496 121
536 321 120
612 416 4
562 260 5
683 739 127
727 551 72
246 684 4
54 313 116
612 110 85
416 311 7
159 206 60
400 49 19
748 248 102
691 433 6
69 37 21
649 564 69
128 634 124
180 369 40
298 547 119
364 269 54
316 427 121
351 622 63
295 93 25
6 433 36
10 87 107
248 654 85
650 141 115
395 690 134
299 532 120
247 58 66
735 551 60
713 138 1
569 47 19
142 734 17
265 201 35
462 138 10
525 272 143
702 357 88
397 427 11
143 159 83
555 63 11
153 318 122
631 109 52
387 542 88
46 41 23
6 25 27
582 143 68
502 209 25
671 534 51
617 684 59
62 141 12
649 576 84
616 323 112
640 9 146
611 250 81
315 68 7
328 19 140
700 408 126
446 268 58
110 311 111
305 461 49
531 142 64
709 233 69
235 455 125
614 549 28
421 185 103
725 400 33
116 665 22
403 484 33
442 409 84
216 557 7
76 325 41
231 656 90
112 498 2
173 715 112
111 439 59
191 660 64
381 328 128
58 230 58
471 10 124
262 713 69
440 327 16
317 714 3
138 582 99
629 717 121
703 470 40
707 85 3
428 295 109
444 418 60
199 520 50
234 572 146
6 532 98
500 551 2
537 229 100
498 466 24
232 15 48
415 460 7
72 694 101
53 719 110
419 227 135
586 135 139
151 85 121
582 727 122
336 169 42
54 734 115
540 365 50
21 167 142
500 143 4
494 565 63
256 740 3
476 492 139
565 431 54
184 597 12
533 348 91
363 748 36
542 452 88
531 49 114
550 259 26
616 116 130
690 180 72
114 459 87
261 726 129
276 484 144
667 477 51
305 219 88
116 433 20
7 202 79
392 591 43
245 290 44
385 393 122
628 45 52
393 741 54
237 82 92
196 54 52
289 551 7
743 614 104
572 108 65
366 532 55
536 384 71
419 358 41
726 719 92
475 487 99
323 719 108
518 246 61
567 55 52
266 459 29
315 428 54
568 359 49
252 703 50
12 662 118
87 471 8
77 719 52
706 497 87
151 56 76
116 225 35
545 451 86
518 87 12
689 278 9
625 612 53
141 470 143
536 387 59
465 6 46
307 235 88
439 482 105
559 537 20
235 404 27
498 228 4
162 278 142
509 584 61
170 346 33
123 279 142
16 107 132
85 466 104
111 255 30
110 66 113
450 641 142
591 662 103
742 730 146
209 715 105
458 34 52
279 745 13
650 514 63
214 295 67
56 441 126
652 235 15
134 385 3
439 411 12
648 530 51
233 620 106
36 510 45
622 552 26
571 331 94
322 295 64
593 49 39
78 585 116
414 159 116
387 652 142
403 39 42
606 700 107
72 124 126
8 77 133
108 677 141
226 3 89
713 640 145
199 641 50
509 662 138
374 87 67
620 322 19
80 532 25
323 173 64
370 551 29
641 166 67
696 344 65
178 418 16
226 244 28
333 370 46
592 13 19
255 411 66
105 479 105
137 144 28
68 387 7
247 741 84
33 205 26
496 400 1
552 532 17
255 649 5
224 291 96
440 520 44
450 676 137
730 435 43
552 80 99
520 746 28
559 456 17
33 170 101
366 552 1
92 625 112
509 735 32
199 415 107
466 112 99
309 71 50
718 577 122
707 56 13
335 648 40
412 196 7
652 238 41
264 735 70
748 545 33
412 402 96
661 276 55
527 345 49
618 542 11
329 249 9
707 688 22
514 499 38
348 616 127
93 618 129
222 556 91
707 356 128
266 14 27
735 640 95
421 307 77
545 439 20
307 452 92
452 734 96
33 668 45
173 215 2
116 278 77
196 400 106
251 244 45
204 248 111
214 81 50
169 264 87
215 351 9
264 13 79
466 709 97
441 572 126
480 463 139
68 496 4
414 160 71
746 267 72
151 707 10
542 384 57
466 385 61
572 581 19
305 477 17
451 37 49
742 360 95
734 315 130
138 684 144
383 417 57
496 196 5
727 714 96
110 620 114
93 441 6
62 374 12
734 49 32
333 547 100
346 323 66
452 632 94
537 304 83
369 232 92
198 386 85
661 616 116
702 67 25
732 279 56
695 281 55
455 226 36
660 234 6
137 434 78
234 441 106
660 56 111
615 519 51
480 252 102
492 339 136
520 18 135
384 412 25
76 389 4
593 528 22
45 635 113
454 354 21
539 90 82
54 235 118
256 472 84
204 649 48
227 608 56
196 142 127
293 546 95
682 684 135
206 328 123
525 326 87
380 658 118
147 261 63
382 291 81
2 712 35
460 544 45
50 507 90
595 69 137
384 244 71
251 404 11
612 362 96
417 207 135
66 412 143
518 159 112
205 573 137
81 315 45
651 104 88
37 147 118
727 703 66
466 482 138
459 71 131
453 252 57
555 716 87
384 633 146
483 587 139
748 37 46
214 172 82
346 513 133
366 665 47
361 6 41
564 357 29
519 345 138
690 441 43
235 3 127
60 229 59
608 643 80
80 424 117
282 592 61
691 348 74
30 285 43
488 196 71
315 618 111
291 652 135
409 537 93
509 714 130
100 458 122
81 106 142
633 340 35
123 406 53
240 226 27
287 450 96
151 41 11
651 150 75
213 592 89
363 439 122
381 154 46
196 428 50
466 58 67
59 91 52
93 528 79
542 251 44
551 298 135
366 173 144
332 261 15
9 276 80
682 714 13
543 657 101
248 255 121
361 215 60
549 285 54
157 533 15
83 73 134
629 645 58
576 147 140
450 267 125
266 71 146
496 311 87
385 644 135
85 688 83
649 748 22
173 2 89
74 564 92
564 379 34
296 289 123
322 441 54
442 709 102
384 3 112
637 582 124
297 696 113
518 206 138
103 206 52
381 290 53
737 708 124
475 79 15
707 559 109
646 209 131
59 548 47
462 659 42
319 615 33
614 285 92
226 404 46
577 43 106
660 741 41
204 442 142
433 689 144
25 323 110
724 518 36
428 325 18
715 712 56
492 411 81
338 659 13
460 371 73
437 507 1
581 222 57
276 299 4
78 330 63
176 535 23
640 276 24
528 572 16
427 1 20
616 657 119
36 188 119
618 612 144
131 623 65
267 327 132
8 116 133
719 657 76
675 411 36
14 77 132
62 26 52
533 170 77
18 267 134
373 437 112
317 39 48
474 553 7
704 483 105
85 56 31
529 87 89
14 116 70
262 103 51
56 177 9
123 529 130
447 305 66
617 484 54
321 174 109
642 378 143
98 163 75
258 416 145
409 229 77
666 297 105
748 720 146
142 110 136
478 703 61
301 86 34
295 475 24
488 295 85
502 622 120
106 180 106
433 173 67
204 339 20
147 11 39
252 289 134
561 94 119
351 40 1
705 66 67
520 676 54
295 612 119
66 76 88
314 272 21
428 66 135
81 488 60
209 509 75
87 279 4
159 103 75
209 547 44
606 58 71
335 549 5
494 226 28
132 19 129
99 299 43
181 55 95
613 34 107
648 549 102
543 53 37
694 313 38
241 266 98
289 333 41
511 731 122
228 411 83
505 686 68
62 199 38
261 543 75
289 87 146
146 521 142
215 424 120
135 664 137
307 652 62
346 543 34
339 451 68
151 247 1
323 278 86
503 375 136
292 644 145
276 582 17
174 723 117
545 482 46
513 339 133
37 111 141
308 716 120
725 196 84
500 547 36
103 727 123
689 173 41
285 530 102
718 118 49
80 361 63
340 694 18
536 311 141
355 489 121
98 386 14
219 511 133
159 529 57
103 718 30
700 228 11
411 644 44
721 443 144
358 227 57
616 433 34
170 576 115
104 462 71
127 67 44
191 741 48
314 326 91
351 640 29
532 622 119
616 162 9
235 485 121
630 50 37
69 204 38
428 528 103
387 563 146
262 684 136
157 657 128
311 49 53
555 442 71
552 162 141
18 199 145
502 484 86
345 431 130
738 408 21
76 142 70
617 183 57
531 711 72
393 180 25
600 499 141
39 661 1
391 582 121
661 299 117
449 703 67
510 499 48
233 85 74
579 197 95
545 292 30
424 532 16
576 720 68
604 435 35
123 426 12
690 688 119
233 369 38
370 246 23
60 204 92
63 228 19
305 593 17
529 103 70
299 622 69
363 53 48
531 416 143
677 603 84
2 162 144
666 231 73
26 159 48
262 582 76
325 214 11
730 604 35
577 517 72
691 182 47
317 622 57
642 481 133
694 251 1
204 439 127
238 307 44
676 267 10
311 66 137
267 624 58
434 144 127
689 2 85
650 463 99
618 632 43
428 81 43
449 333 137
441 393 124
442 411 45
244 238 19
93 22 135
718 254 104
154 290 18
580 115 132
85 581 52
555 482 51
368 298 45
531 452 12
166 199 48
315 76 43
428 416 118
101 313 12
392 276 136
633 652 79
500 391 123
348 543 116
106 660 77
581 660 69
162 361 4
54 531 125
719 616 57
39 631 142
157 691 2
430 742 124
587 747 115
164 84 104
304 451 135
27 209 70
576 346 47
208 237 16
370 449 101
27 39 45
37 679 71
299 715 140
449 138 62
151 234 57
530 743 137
729 54 65
377 580 97
111 679 43
441 488 3
91 211 91
449 653 104
625 528 131
690 151 39
555 559 146
532 168 61
533 77 134
452 387 70
297 366 125
470 123 96
463 26 118
657 323 128
298 24 48
560 584 130
514 176 81
63 58 22
223 250 44
496 428 2
545 537 93
494 431 130
350 407 132
384 251 101
261 77 87
424 6 80
612 690 1
467 100 120
222 216 116
159 141 128
248 679 66
385 709 74
537 442 40
436 390 142
688 628 145
6 502 124
385 498 64
106 688 28
460 18 51
275 583 29
659 146 40
325 416 36
58 47 129
25 433 126
185 733 97
529 396 47
304 53 89
425 608 50
66 54 118
290 328 80
391 246 71
662 276 14
174 288 130
391 735 29
470 206 38
549 179 39
679 492 57
412 49 33
71 589 58
80 25 145
85 644 105
612 593 7
743 647 44
70 101 52
618 325 51
537 204 21
415 18 62
35 48 114
111 339 125
506 478 61
492 277 34
523 66 107
732 62 134
644 133 99
58 151 27
693 437 144
68 384 15
633 531 139
258 362 117
163 386 144
267 697 31
364 22 89
344 231 13
425 512 132
153 626 32
612 76 14
679 147 144
117 238 96
339 409 55
347 399 15
348 8 20
111 443 129
111 348 141
650 396 120
676 460 75
720 255 25
299 173 52
559 112 131
157 37 39
488 322 43
191 163 25
116 170 111
60 444 143
644 442 134
379 357 16
662 484 47
719 147 83
321 66 130
60 482 92
201 316 88
235 585 37
92 685 37
506 638 30
509 682 26
239 458 33
322 151 84
651 138 61
617 27 8
175 692 144
729 623 71
37 513 127
246 139 19
189 701 43
3 313 106
166 415 34
69 147 61
45 283 28
115 333 23
384 238 70
191 393 6
30 743 66
353 88 3
222 550 20
547 662 84
93 369 73
339 53 124
575 453 67
60 63 83
230 292 113
348 225 56
209 299 86
319 519 118
617 714 63
39 6 51
248 229 23
612 488 77
101 404 71
630 80 141
509 646 119
180 151 100
285 743 123
403 209 100
653 195 12
492 60 53
340 619 36
3 694 110
349 632 146
498 393 120
37 116 51
325 321 121
435 712 83
363 304 142
60 545 79
336 13 88
406 401 126
63 230 124
351 502 106
179 648 143
388 489 89
2 80 1
99 539 102
233 625 66
101 694 59
331 566 52
289 518 33
509 591 112
299 712 55
70 404 118
25 552 127
564 67 70
451 255 55
333 9 88
684 333 103
464 636 9
64 104 8
143 282 62
541 515 98
533 225 92
616 2 20
586 664 14
665 278 16
91 727 9
39 509 77
551 138 14
441 688 4
545 58 16
27 484 6
689 665 17
697 26 120
466 393 114
366 25 72
595 348 113
58 654 125
698 124 143
633 412 141
276 502 10
206 139 41
582 547 72
197 425 98
31 455 110
708 655 129
718 517 56
27 570 50
337 373 124
156 682 92
470 374 3
251 485 3
292 709 26
750 748 52
111 94 44
559 476 42
259 216 145
702 127 139
138 703 103
298 684 142
387 196 114
476 679 79
313 404 39
374 697 88
112 555 89
26 252 79
466 644 105
240 527 6
665 433 7
322 81 31
665 719 33
689 696 43
676 624 34
316 265 53
37 595 101
542 632 116
333 551 5
246 551 47
746 199 25
1 230 50
350 707 19
61 425 141
138 480 42
593 172 22
58 741 44
529 289 74
509 183 140
657 170 50
67 595 101
41 163 111
247 709 98
703 282 54
520 544 14
373 693 64
727 500 8
335 647 104
635 628 51
63 559 41
533 140 82
533 261 23
363 339 101
579 647 60
652 313 29
254 118 105
247 112 29
26 210 46
748 451 11
194 453 22
746 624 75
532 616 110
93 110 73
313 633 119
594 623 135
152 521 88
182 367 56
4 28 9
630 84 58
502 27 73
542 321 121
150 104 26
720 53 146
715 6 94
334 185 2
403 6 142
264 336 116
632 244 10
150 462 91
673 468 98
137 171 113
313 244 57
482 559 106
111 576 106
623 387 84
690 620 41
455 615 37
424 661 94
214 536 123
53 77 82
714 662 79
143 480 72
612 725 60
404 244 82
282 252 70
58 555 71
385 356 72
346 704 67
287 544 138
337 215 80
74 342 114
643 425 136
377 457 23
248 69 14
109 458 23
660 572 62
738 700 83
644 482 62
338 150 114
137 714 89
111 229 30
715 570 62
403 661 101
660 151 53
230 385 58
681 328 137
157 225 118
715 215 66
160 186 146
563 432 58
570 552 54
652 384 137
726 116 3
30 647 90
490 2 107
185 307 43
662 646 130
724 381 101
69 720 2
344 656 46
348 657 2
26 558 1
515 439 124
339 348 86
516 672 64
741 498 73
177 35 26
392 500 71
369 581 25
719 543 36
233 488 71
410 538 47
228 180 142
418 473 125
528 196 42
91 64 52
250 294 128
229 654 26
620 725 138
291 352 76
676 18 141
642 363 14
694 226 54
263 338 82
56 172 63
477 447 62
317 351 84
428 536 12
230 204 46
325 81 98
267 371 96
110 325 85
206 246 146
555 411 66
464 514 86
60 555 54
712 532 62
649 750 103
202 115 11
292 654 95
213 276 52
184 51 84
162 25 135
446 417 45
729 402 93
505 49 79
203 192 146
452 238 138
37 53 135
298 391 40
482 292 96
32 545 31
404 384 123
622 215 81
289 159 1
251 235 100
317 366 146
166 460 67
177 192 79
668 736 35
595 476 40
126 133 130
593 325 14
58 709 111
138 103 34
321 307 81
143 333 67
692 588 99
592 547 109
476 482 104
691 665 21
392 27 95
175 588 61
3 244 137
212 195 24
661 715 37
646 183 107
90 99 54
644 63 139
272 114 109
513 492 140
478 638 109
238 313 55
450 415 145
449 26 132
593 620 22
531 632 3
337 437 119
426 139 102
734 531 97
745 463 77
76 496 98
141 26 66
709 106 131
633 485 96
133 230 82
719 116 46
484 509 7
508 41 69
188 159 127
722 74 80
367 673 135
347 583 128
247 707 21
535 636 36
733 504 37
67 88 93
26 529 39
378 474 136
77 657 113
157 540 109
244 101 109
612 412 17
219 447 73
69 451 68
334 349 70
465 630 144
748 346 57
94 721 111
489 223 33
690 233 49
8 14 68
632 54 122
127 88 73
299 502 142
165 281 116
15 253 31
685 259 84
589 266 139
490 430 37
130 256 76
607 406 66
4 639 19
563 131 45
463 141 82
416 581 25
95 672 71
12 503 52
177 260 46
323 726 113
82 682 71
282 480 56
558 210 93
56 233 130
425 358 125
198 106 46
247 393 94
254 653 146
555 409 89
180 741 87
694 307 31
327 371 16
625 214 83
340 565 32
228 112 122
292 476 46
416 488 36
130 513 51
727 640 21
170 77 96
551 713 99
111 451 144
749 187 70
441 707 31
282 521 84
32 89 32
69 748 67
63 85 46
536 739 11
404 3 103
682 547 49
252 123 78
470 480 52
267 463 3
735 684 51
86 587 51
406 636 29
650 289 6
112 180 4
746 460 124
690 234 67
401 607 97
76 734 19
255 595 129
204 451 123
123 535 19
449 262 81
661 6 142
562 192 109
304 255 16
647 614 80
555 230 42
522 185 114
426 732 124
12 375 22
213 299 18
230 545 110
407 41 98
7 29 115
737 601 142
337 422 64
400 110 90
656 25 96
196 325 114
523 686 143
633 387 24
215 726 67
546 673 118
325 399 64
654 482 24
521 263 126
750 53 62
56 356 18
714 500 126
610 506 144
571 131 55
225 657 15
650 480 32
170 157 123
209 80 127
287 624 49
346 14 129
413 610 50
116 689 90
25 715 136
599 97 20
213 547 76
247 688 35
3 632 95
233 707 63
70 117 125
684 547 41
57 149 66
636 176 105
29 298 59
176 406 131
111 248 12
488 269 81
369 625 51
29 368 9
4 3 38
524 692 116
661 532 68
403 509 134
651 462 125
332 149 17
192 395 36
491 575 103
625 295 7
362 122 87
555 393 132
258 274 59
485 3 85
263 651 119
157 719 29
555 385 140
206 154 126
650 159 60
543 726 34
5 17 124
57 140 21
713 727 108
689 424 11
321 632 12
455 313 49
535 514 66
141 138 5
608 419 118
211 262 43
705 42 41
187 92 15
162 80 78
414 499 75
720 147 115
679 409 80
278 719 38
77 225 2
484 183 51
734 66 127
270 359 62
654 559 112
230 409 141
622 173 29
271 451 105
741 688 95
2 543 146
632 70 71
110 412 100
183 714 84
633 101 107
712 278 129
625 690 47
697 463 116
283 627 32
501 264 141
108 687 48
312 380 67
23 207 133
197 512 40
704 423 68
49 325 117
546 438 60
54 412 92
363 37 26
665 424 21
512 358 75
3 455 105
298 333 79
448 57 133
617 392 92
243 175 55
246 103 106
168 337 117
694 240 118
750 720 49
384 452 127
183 547 89
166 440 144
27 682 103
32 65 113
470 697 16
278 225 115
588 243 13
617 547 47
348 37 36
384 531 6
245 724 62
60 339 9
612 441 27
356 441 11
631 613 70
330 585 101
750 363 14
649 363 140
63 229 4
247 230 117
244 235 20
591 502 9
488 528 108
649 543 79
133 60 107
68 452 12
49 686 111
463 197 70
730 490 34
358 440 61
8 346 103
327 520 113
632 307 115
189 234 79
24 368 4
433 712 139
27 662 99
282 370 32
441 151 46
183 640 36
156 82 60
261 363 23
491 577 64
110 536 135
351 366 37
442 679 2
627 628 106
711 288 17
502 361 74
485 632 96
674 203 135
412 542 41
618 68 106
392 640 126
143 103 101
717 645 4
172 234 80
151 106 106
310 108 37
285 179 6
196 734 45
2 424 69
595 750 69
403 351 125
252 449 71
112 393 127
582 298 1
732 374 132
612 581 53
428 612 66
526 683 46
582 500 12
183 276 82
429 667 113
85 660 65
697 62 26
466 741 57
665 215 112
576 348 128
486 685 122
689 215 30
157 53 42
275 181 78
183 403 135
476 513 140
441 172 17
502 392 52
714 298 95
111 482 126
289 282 14
424 433 31
295 581 107
299 433 66
372 135 61
685 550 144
112 58 105
238 455 122
455 632 33
426 279 130
339 69 97
155 156 34
745 141 143
283 741 83
356 133 112
27 317 58
66 400 19
244 633 43
333 713 33
482 442 140
81 68 102
215 366 110
130 602 35
56 572 48
37 576 98
68 485 87
139 480 88
750 304 88
59 119 121
709 707 92
673 691 106
744 716 49
227 512 58
719 205 37
241 726 95
688 393 50
385 58 51
235 619 40
111 513 92
622 213 46
412 311 105
598 630 32
684 582 46
282 551 26
209 552 52
409 654 66
622 591 14
353 702 105
123 62 121
391 551 34
572 488 81
608 358 69
696 666 76
592 713 36
617 213 39
732 529 44
726 750 52
435 21 60
725 496 2
33 573 36
711 174 130
327 287 105
652 70 81
209 392 42
501 169 38
292 559 143
705 300 100
9 509 108
43 478 83
591 715 32
228 230 82
619 652 71
230 255 100
662 735 93
660 369 51
530 30 111
172 247 75
605 373 39
526 110 56
576 750 94
123 374 70
369 295 119
235 238 22
37 346 55
323 162 60
644 228 80
389 420 68
325 612 144
552 502 146
134 606 37
375 584 135
77 543 99
16 251 65
51 629 31
66 196 66
655 737 15
712 424 108
274 122 74
707 322 134
262 500 50
703 396 9
247 294 90
538 32 47
234 191 79
513 147 74
608 197 38
385 228 60
191 233 47
470 745 108
26 262 56
449 143 108
206 745 25
371 18 118
494 519 84
676 415 98
652 404 79
571 142 42
414 188 13
246 26 84
366 162 108
620 581 115
500 640 134
285 335 53
89 65 71
320 365 103
447 667 140
362 274 37
323 2 108
585 349 133
404 632 146
225 532 87
609 580 140
320 540 33
242 182 145
428 488 92
110 542 47
345 226 125
458 467 137
158 631 7
561 277 99
81 477 69
43 218 78
401 176 52
513 248 140
28 72 59
509 617 39
716 524 114
295 593 84
370 252 32
67 353 5
429 447 108
646 484 123
117 633 43
69 513 12
736 140 29
280 9 108
123 176 8
339 77 128
77 649 138
240 340 55
280 13 131
279 141 44
317 662 86
496 315 25
106 191 75
369 528 42
748 255 91
453 43 83
193 337 63
647 374 72
433 323 107
640 139 70
502 646 49
392 135 144
691 533 105
307 3 55
25 657 77
298 143 51
27 183 20
600 510 140
581 315 141
426 267 30
538 476 18
561 443 37
206 703 80
246 682 15
676 287 120
438 241 58
147 748 69
512 579 82
616 665 2
214 528 94
37 77 146
439 60 68
649 513 73
246 252 63
625 593 130
564 702 130
743 732 84
468 438 135
