32 33 15
31 18
28 21
26 17
12 17
9 20
13 31
26 23
16 10
21 1
15 32
24 5
19 5
27 14
16 13
5 27
25 32
12 7
20 29
26 25
27 13
12 11
21 15
2 29
25 30
29 9
22 14
9 6
8 31
22 32
22 15
14 3
20 17
4 16
13 15
3 23
6 4
9 6
12 9
22 28
10 3
16 8
17 25
3 29
29 23
5 19
5 29
13 17
31 25
14 7
19 8
1 25
7 5
18 17
18 21
22 24
30 6
9 19
11 15
27 23
14 15
8 22
13 14
18 26
26 20
2 26
32 7
12 1
23 5
18 24
10 14
11 25
13 19
32 6
13 22
16 2
11 1
17 3
9 23
18 20
15 23
8 12
24 6
4 6
11 9
29 18
7 17
5 30
29 19
21 13
2 27
12 31
16 26
32 24
28 14
17 32
2 19
14 16
29 1
9 5
1 27
13 7
10 7
31 17
9 10
20 27
15 17
19 14
18 28
30 26
23 7
19 11
9 21
21 16
25 21
10 29
22 3
24 9
12 32
6 5
4 26
32 19
17 24
1 8
25 5
25 16
2 28
5 22
24 1
6 22
32 16
6 28
26 27
8 25
28 8
16 19
31 6
14 32
11 21
11 20
15 19
1 15
30 32
9 28
7 6
2 12
10 21
28 15
29 7
19 3
9 20
18 32
25 24
2 24
22 27
23 2
14 25
6 26
14 4
9 8
22 11
21 20
5 7
29 24
17 29
13 22
13 32
8 31
20 16
10 17
28 1
1 11
24 30
30 7
4 26
25 18
16 9
6 23
5 23
19 10
15 6
1 9
22 9
13 20
27 15
32 20
6 12
14 8
26 32
25 22
7 5
16 21
8 22
7 2
30 5
26 3
23 10
13 15
25 29
23 2
3 9
30 8
31 27
4 13
30 1
29 21
12 32
11 29
22 11
9 18
16 25
26 7
9 17
15 30
2 10
28 4
24 7
14 16
20 27
27 23
28 13
21 11
32 19
3 13
3 6
23 26
4 29
7 16
5 15
32 21
26 28
2 15
32 21
23 16
14 24
28 25
22 11
22 21
26 3
16 13
28 17
20 14
17 13
23 20
9 23
7 6
6 30
1 7
15 24
4 26
13 18
12 8
6 27
2 30
24 29
26 8
20 22
14 27
19 11
31 27
10 28
17 16
5 21
8 11
7 30
29 4
9 12
3 6
29 1
23 12
4 30
8 18
20 6
9 26
21 31
3 20
28 13
10 24
1 20
27 3
14 5
10 2
18 15
1 13
9 7
15 24
25 10
21 15
21 32
32 31
22 32
18 16
29 12
14 11
6 17
14 4
24 19
31 13
19 10
6 14
13 18
1 10
26 30
3 14
9 32
2 8
18 17
7 9
1 29
24 29
28 9
10 15
21 13
16 4
27 8
30 5
16 2
12 31
1 5
32 11
18 27
32 7
22 12
12 5
20 16
3 7
29 23
13 3
8 30
2 27
25 14
17 9
9 26
19 11
11 1
32 12
15 30
22 28
5 2
6 12
6 21
20 13
19 12
18 8
16 25
3 22
10 1
3 4
5 23
23 10
5 7
6 27
8 25
20 28
20 9
3 24
29 25
11 10
23 7
31 15
7 15
1 8
19 22
28 14
13 4
12 14
5 12
24 16
28 2
32 18
1 13
12 17
17 32
22 14
17 5
28 9
9 18
7 29
7 16
9 23
19 8
28 15
3 30
3 26
27 30
3 6
32 20
31 14
25 23
8 1
29 10
8 13
1 23
18 7
30 16
11 29
5 21
29 20
13 30
32 5
14 29
30 18
18 27
14 5
3 6
20 23
6 16
12 15
21 20
10 27
8 25
19 28
23 30
31 1
13 23
10 12
3 4
9 29
18 17
16 14
25 13
31 27
26 5
16 3
24 12
22 25
7 28
31 2
28 10
11 6
21 16
11 19
27 26
23 7
29 30
24 7
18 31
13 4
6 10
2 11
17 30
32 20
25 15
31 32
6 26
30 14
4 11
4 19
18 22
21 28
21 24
31 29
27 20
26 20
25 27
25 7
12 18
24 19
1 29
3 32
1 8
1 9
6 5
1 10
11 20
13 18
9 32
21 15
29 30
6 26
2 8
27 3
20 30
1 12
4 20
2 23
5 16
1 29
17 29
19 13
14 5
15 28
26 2
3 31
32 27
25 17
3 4
32 22
19 24
21 5
19 7
4 27
30 21
26 23
23 17
13 15
