16 16 8
4 5
13 2
14 9
15 1
12 5
1 4
8 3
11 13
4 8
7 13
8 5
14 10
1 11
10 16
14 6
11 10
9 5
1 4
7 1
3 12
9 14
5 12
9 1
7 2
11 16
13 15
12 10
13 16
4 8
13 6
16 5
7 4
12 2
11 13
12 8
2 14
5 13
15 13
14 4
12 1
3 7
7 10
15 7
6 16
16 9
9 2
14 9
15 16
3 16
6 3
12 8
13 15
8 2
1 4
13 4
3 2
7 9
8 5
1 7
4 14
7 2
14 10
13 11
1 14
4 8
5 11
5 16
9 12
8 6
8 13
2 6
13 1
6 4
9 3
7 15
10 13
5 7
7 10
4 14
10 9
15 13
6 14
14 7
4 14
7 1
16 4
8 16
4 15
15 16
11 12
1 5
9 3
1 11
11 10
9 2
9 7
2 11
3 7
1 5
5 10
14 2
16 15
7 8
12 16
12 4
10 1
6 15
16 7
10 12
1 9
15 13
5 2
5 14
15 1
12 8
2 10
5 13
16 11
10 1
13 6
16 1
9 13
10 16
12 3
12 9
5 7
2 4
9 2
