64 66 70
20 42
19 45
3 38
55 19
37 44
29 47
22 2
62 2
9 4
30 18
16 51
9 52
31 26
54 35
15 36
43 31
55 14
29 57
30 51
35 21
50 64
47 60
34 12
13 6
32 44
17 5
57 50
37 33
48 40
6 24
20 58
21 39
63 12
47 26
5 14
44 9
51 18
31 7
40 4
41 53
29 50
10 59
35 49
58 1
28 46
61 17
7 12
26 5
11 40
28 59
17 30
19 28
52 8
59 27
14 4
23 52
7 58
21 36
18 6
1 38
38 53
1 53
56 20
25 57
55 36
2 37
7 24
52 15
37 6
7 58
45 17
44 25
40 50
3 35
4 3
59 17
13 30
36 51
53 8
38 52
16 12
25 62
18 60
1 15
53 20
9 54
36 11
18 10
47 26
37 19
64 42
64 49
56 12
60 36
43 27
63 1
48 28
61 47
43 39
5 59
55 15
35 23
5 26
20 25
63 46
31 13
50 57
53 22
50 63
54 14
29 18
41 46
9 14
54 39
59 14
2 52
41 39
27 37
24 60
21 26
27 19
17 5
47 12
33 19
32 3
24 43
48 9
41 34
64 7
1 35
20 48
13 46
50 35
29 64
45 14
49 17
30 27
4 3
33 5
61 12
60 55
33 40
16 34
30 35
63 54
17 25
64 14
22 17
54 59
32 57
16 1
10 13
15 4
36 46
49 43
57 60
50 24
30 50
14 47
26 19
64 26
35 28
55 58
49 12
43 42
43 52
21 37
54 6
37 7
36 58
60 56
62 59
59 6
28 53
53 37
24 56
41 11
16 2
18 46
15 51
33 3
2 44
12 38
19 8
9 15
2 58
13 19
28 20
6 55
52 56
31 41
52 24
26 4
53 48
36 41
3 57
46 23
13 39
35 45
25 44
27 55
17 30
19 30
31 14
36 58
15 21
40 18
54 32
36 57
31 5
45 11
31 58
13 37
27 46
6 2
15 26
22 46
54 10
47 52
47 18
27 64
23 42
16 54
4 6
38 25
52 61
14 34
51 23
9 28
17 7
18 13
41 61
42 7
60 6
64 41
14 1
8 40
16 10
36 28
47 58
26 16
62 53
20 34
52 23
26 44
12 53
8 60
39 34
24 10
3 15
49 44
43 41
40 45
7 48
46 64
13 33
59 25
29 60
50 8
49 56
61 49
42 17
30 63
53 28
8 59
36 47
3 32
26 29
38 64
15 43
15 23
48 32
42 17
10 47
12 16
16 18
22 14
41 20
30 38
37 16
27 43
1 48
49 39
41 42
21 7
53 9
20 60
50 45
35 47
52 11
14 34
11 13
2 27
40 64
7 6
4 9
13 52
29 56
5 10
58 6
27 64
6 57
63 51
21 54
21 11
60 55
59 45
59 31
62 10
51 60
24 39
20 33
25 38
43 61
32 63
28 13
55 45
12 29
19 15
55 50
41 2
12 5
50 52
44 7
42 46
31 9
39 31
48 63
14 2
5 51
28 54
14 56
14 41
50 19
23 52
20 61
46 31
41 4
34 18
28 42
12 42
24 48
21 64
49 61
57 35
44 32
42 24
10 23
9 30
44 6
8 4
59 14
4 1
51 32
18 25
36 54
5 40
63 47
12 21
57 29
13 27
33 57
62 61
46 2
9 1
18 40
26 62
51 19
49 64
21 16
40 44
53 63
53 15
45 50
9 17
55 10
50 60
12 37
29 35
7 23
1 19
28 63
35 46
64 11
39 55
27 16
16 51
58 24
22 41
32 55
53 47
38 54
29 27
3 47
43 10
49 62
45 6
48 42
61 59
44 58
63 16
45 10
28 10
54 10
31 9
43 26
20 58
50 64
18 3
3 30
53 11
19 50
24 26
25 22
39 44
41 21
56 12
7 3
27 11
24 43
18 34
16 59
45 42
40 61
22 37
49 9
35 55
35 51
52 11
12 22
35 48
49 15
9 34
43 4
42 60
18 1
14 48
8 29
13 47
60 33
24 40
21 16
58 47
13 8
62 1
57 26
46 41
40 59
5 4
17 33
27 8
2 1
12 4
38 49
44 20
23 41
27 60
20 36
50 21
61 13
47 34
32 33
4 20
1 17
10 46
58 48
25 11
53 58
51 13
25 16
35 10
8 36
42 45
14 18
33 23
47 19
28 21
6 37
42 56
27 17
44 9
43 60
45 57
60 53
34 27
50 57
38 44
12 39
18 24
28 32
57 52
22 17
45 53
64 4
6 41
8 1
27 49
22 2
22 7
8 48
39 63
30 61
31 12
58 55
25 49
3 34
59 62
19 54
55 64
54 39
61 38
44 26
5 59
6 1
18 60
40 64
51 23
34 10
33 54
38 28
12 59
61 51
15 42
29 49
48 13
4 55
13 23
33 19
55 46
13 32
38 44
11 48
2 19
4 57
17 35
40 58
5 42
24 64
32 29
22 9
39 11
5 14
14 34
21 15
5 59
2 52
37 58
55 16
43 10
30 36
51 15
50 1
18 11
16 58
30 25
41 39
8 53
25 49
50 28
6 45
6 60
20 59
12 21
36 2
40 4
60 29
59 22
60 30
50 29
46 44
22 8
24 40
4 56
14 47
3 17
44 32
24 27
25 23
46 16
9 55
31 49
18 61
43 26
6 54
15 12
63 36
43 41
49 7
17 41
12 62
9 8
38 39
21 38
18 33
6 31
19 35
58 6
19 44
12 17
16 9
5 56
34 36
60 10
5 23
2 47
63 13
55 11
41 20
15 25
41 1
39 2
8 57
25 4
33 57
48 1
39 52
52 46
51 15
27 8
39 46
42 26
10 49
64 41
24 64
22 17
6 12
44 54
11 48
36 18
38 46
1 27
61 24
25 59
14 28
15 33
48 45
55 43
26 18
28 30
37 33
55 53
27 13
40 19
57 17
7 18
43 11
3 2
5 42
32 43
64 42
36 26
62 16
50 12
29 24
30 8
35 30
44 10
13 52
35 16
28 21
41 40
4 13
34 44
16 32
38 59
38 21
34 31
43 23
36 11
29 3
46 51
42 26
22 43
47 26
44 52
16 3
41 26
56 18
27 17
8 10
35 24
12 18
62 11
45 20
37 47
46 61
5 7
50 45
29 2
45 55
63 7
13 31
15 53
24 20
34 15
61 60
27 7
22 40
5 64
58 16
9 30
27 6
31 30
48 5
48 43
23 58
63 14
61 1
41 20
30 25
11 28
47 54
57 28
3 58
22 4
28 29
39 24
4 33
38 15
1 46
1 40
48 23
49 63
44 10
19 10
13 18
56 64
22 38
48 28
8 47
61 7
46 5
4 38
19 36
17 50
5 41
50 35
57 59
62 34
44 23
36 15
29 2
26 45
50 19
51 16
40 35
3 22
51 5
54 43
13 20
11 46
41 18
61 16
1 63
26 7
14 62
60 39
6 63
48 14
61 63
60 47
31 52
44 47
59 58
55 12
49 52
17 55
44 49
4 1
64 7
51 29
49 16
4 33
29 42
58 32
20 19
53 35
46 25
26 17
62 48
14 64
22 10
38 1
27 37
21 58
41 54
9 55
30 37
37 54
36 20
24 60
52 59
19 15
33 56
62 6
9 3
4 2
55 13
5 27
46 3
46 23
26 28
29 59
17 38
54 26
41 11
48 18
6 27
10 20
21 44
7 19
63 53
4 8
37 39
40 56
58 16
45 43
39 6
30 12
18 3
51 64
24 43
40 26
21 36
55 22
35 21
52 38
34 11
13 48
19 55
11 46
45 37
57 42
38 50
60 35
59 12
58 17
12 29
61 53
1 58
51 31
17 43
57 47
62 10
59 49
45 39
37 18
33 14
13 32
32 53
62 27
35 10
23 56
4 23
32 57
40 25
29 48
51 33
31 27
1 55
36 11
44 14
1 15
34 16
12 9
20 42
33 35
38 4
32 2
26 40
59 62
63 60
34 46
20 62
43 29
16 45
39 30
34 24
32 22
46 19
11 25
39 10
53 61
21 10
61 11
63 32
3 55
29 33
58 52
53 37
17 20
27 18
52 14
8 57
49 31
23 63
60 27
28 13
51 57
14 7
10 35
41 4
39 9
24 4
46 21
44 6
9 30
28 61
62 35
26 15
16 64
47 15
47 52
1 3
26 47
55 21
53 48
54 44
29 56
57 33
30 5
24 60
3 28
31 50
31 59
21 17
57 58
20 55
54 58
60 18
46 34
2 38
27 51
11 2
30 60
21 24
23 18
45 25
5 27
18 36
40 4
56 16
37 47
55 64
50 41
26 54
25 14
56 25
50 55
49 35
16 59
38 51
26 43
53 3
56 32
30 8
21 6
15 57
2 37
17 42
29 22
27 38
40 61
44 30
3 13
62 59
42 12
3 7
20 6
22 47
60 37
39 46
49 26
50 13
32 19
46 13
49 48
11 64
9 22
51 52
10 57
40 12
47 33
63 42
58 1
32 11
28 12
20 64
17 6
16 54
38 50
35 31
40 28
16 60
52 18
57 60
27 40
50 64
38 27
13 8
11 26
33 43
52 19
10 43
28 5
58 3
23 27
62 21
49 64
17 2
58 42
45 64
12 38
32 61
40 29
18 19
8 2
24 55
26 41
56 47
18 44
31 14
16 59
54 61
55 63
16 51
15 1
30 15
6 41
31 36
61 34
29 7
53 35
12 26
45 8
50 47
29 35
28 52
37 45
23 39
49 25
4 33
34 54
62 46
59 53
62 53
47 48
41 58
9 49
12 43
22 19
15 34
2 20
55 33
59 60
54 23
39 53
28 12
36 39
33 64
8 13
49 14
59 61
8 57
57 13
34 43
18 54
19 31
52 41
52 9
12 14
2 31
6 32
21 3
43 32
9 29
35 33
60 26
58 30
52 48
46 3
42 37
27 40
38 33
29 39
24 60
30 59
31 58
8 16
56 62
4 64
37 44
45 56
54 10
25 64
1 9
54 55
25 60
45 27
43 63
55 21
25 18
3 23
15 21
17 1
4 11
20 37
27 19
55 22
12 7
56 5
18 58
45 19
10 51
32 10
47 44
50 13
57 59
44 20
20 29
1 30
14 4
38 51
30 3
48 29
26 39
45 22
16 1
23 53
49 41
55 47
34 15
31 10
8 27
26 20
10 8
51 54
25 31
10 63
16 62
29 18
61 5
55 4
38 42
42 4
2 31
43 42
13 45
22 23
32 41
27 15
33 19
32 58
32 35
6 20
37 17
15 57
64 16
13 22
62 37
48 33
28 27
6 59
26 9
1 19
47 4
60 64
33 50
45 19
14 49
38 56
52 18
21 1
20 50
8 62
24 64
3 5
37 46
13 47
5 40
29 12
36 55
50 3
44 51
48 18
41 23
11 49
6 7
3 55
38 21
21 20
58 53
3 60
22 45
8 24
42 15
1 62
57 3
16 59
15 25
2 4
5 47
63 47
34 18
32 9
37 15
55 33
7 19
13 49
28 35
37 8
8 10
36 29
16 5
56 53
57 11
62 34
12 62
64 41
45 57
17 32
14 51
53 20
11 13
37 10
9 19
14 21
34 27
12 48
46 45
28 10
61 51
52 5
16 4
12 7
51 11
28 2
55 60
47 6
44 52
58 43
36 64
20 58
23 19
54 64
40 59
39 60
4 7
9 30
31 13
50 32
52 36
14 2
26 59
39 45
23 12
32 25
55 33
20 9
45 22
1 33
4 19
55 39
42 57
61 24
40 24
3 10
10 35
62 44
53 37
22 44
58 9
6 49
47 14
53 2
52 46
6 29
13 10
16 12
7 33
2 39
30 22
36 41
48 14
34 52
48 51
14 25
40 52
32 59
18 25
5 37
8 47
15 37
42 43
63 38
59 12
45 44
24 23
26 19
53 41
59 17
47 56
48 54
35 2
21 63
38 42
55 17
41 64
50 35
1 21
38 11
63 31
31 60
1 6
9 21
19 31
16 28
16 23
17 32
27 40
22 48
6 16
13 33
6 37
35 21
20 6
61 60
54 37
58 64
44 59
46 38
10 28
36 1
55 36
11 21
38 2
33 55
55 32
63 47
9 18
44 17
35 33
22 47
29 27
27 39
37 50
11 47
29 8
40 43
38 40
4 18
16 43
42 31
10 34
21 51
46 40
18 7
5 8
31 41
63 8
9 48
60 12
16 59
29 57
57 24
27 62
56 46
25 9
19 51
48 53
64 59
14 36
42 3
28 52
22 43
31 45
15 64
49 28
11 63
30 57
41 25
42 26
41 10
60 25
44 23
35 51
38 37
63 9
57 52
31 51
45 1
42 8
34 52
18 35
41 18
61 10
18 24
45 42
31 41
56 28
23 46
53 17
47 32
55 44
39 4
8 58
63 47
6 26
20 7
16 62
51 54
64 16
38 4
40 17
41 25
49 60
63 37
9 21
20 59
8 30
7 6
6 2
59 64
53 40
37 29
22 42
52 54
49 23
22 15
5 45
55 50
56 55
23 33
26 7
40 3
4 13
17 29
48 46
5 59
11 22
16 54
5 20
46 19
31 56
9 36
38 27
53 43
26 49
47 14
51 10
12 10
29 64
36 52
28 25
29 57
38 12
50 36
52 45
47 15
23 33
46 53
1 54
60 7
21 5
46 8
14 59
60 41
10 21
38 14
24 41
62 47
60 54
23 22
56 39
30 43
63 46
32 47
12 15
44 64
48 26
19 26
42 8
23 21
27 2
61 49
12 33
61 11
55 63
37 56
2 20
13 50
33 19
31 8
41 3
16 63
52 51
54 44
30 39
34 26
1 39
27 29
36 58
32 15
20 59
53 35
18 32
28 19
38 56
28 40
30 4
27 50
29 2
17 6
14 20
1 61
6 9
59 53
44 6
60 16
40 25
18 6
45 38
8 29
55 34
54 20
35 17
57 6
41 64
18 59
7 13
59 13
49 23
35 39
11 15
33 5
19 56
38 43
43 39
32 58
8 64
50 31
21 8
2 42
19 44
63 38
64 29
24 19
28 39
23 43
37 48
32 2
52 18
37 34
58 9
62 63
60 10
24 50
60 6
25 7
20 53
7 27
61 36
25 26
37 28
1 36
22 35
46 5
1 24
20 63
55 33
51 34
41 48
5 47
48 50
55 11
1 32
58 2
14 41
30 13
36 12
11 33
3 29
59 28
4 23
34 63
5 34
4 6
51 62
35 49
1 37
50 39
13 61
28 57
12 58
25 56
47 9
50 54
14 13
41 42
49 55
57 27
36 10
39 5
9 30
52 47
52 31
41 14
26 25
48 64
64 18
27 30
11 58
45 30
15 37
18 33
11 60
19 55
20 63
5 46
58 45
52 9
55 4
61 23
57 1
8 19
4 32
19 23
21 49
37 22
62 46
29 43
53 47
45 26
14 24
61 27
17 50
63 38
41 24
18 29
23 13
59 46
34 7
40 36
44 29
16 62
39 1
25 3
26 36
64 24
2 11
17 44
64 45
46 64
38 6
31 6
50 59
64 59
11 47
38 7
56 3
55 23
40 36
54 61
15 49
52 30
30 16
14 24
47 39
27 3
46 49
1 59
35 53
58 60
19 60
32 57
41 21
51 9
28 57
42 61
10 15
56 61
5 42
51 12
17 34
45 62
13 34
14 45
51 30
17 25
55 20
57 47
12 44
12 60
10 33
63 35
43 26
46 36
7 27
41 14
18 7
27 49
22 36
42 54
9 3
34 44
26 55
10 26
29 35
4 41
8 54
9 37
15 28
56 2
6 53
53 38
28 48
60 22
48 1
63 43
23 36
14 63
58 36
25 34
64 62
22 19
31 23
6 4
28 34
13 57
56 50
17 58
44 32
57 5
8 62
26 19
12 2
55 61
29 35
23 21
59 9
6 35
42 41
32 51
18 16
45 14
48 9
48 16
56 1
25 63
38 21
44 20
40 13
39 1
47 13
9 27
55 54
60 7
64 54
44 55
12 60
11 53
14 10
39 38
6 7
62 41
53 22
17 37
15 19
30 56
41 24
17 36
58 33
57 16
64 49
21 53
46 12
34 38
43 25
32 52
3 43
39 54
7 35
59 31
43 8
64 5
27 55
11 33
38 9
50 38
3 2
20 32
54 57
5 39
18 17
16 26
45 6
52 29
57 33
45 62
49 21
32 30
52 50
3 6
63 36
51 5
11 7
41 17
45 37
13 55
9 35
11 60
62 52
42 17
27 57
44 55
43 56
28 49
38 64
41 47
3 63
40 7
18 1
27 62
54 15
63 6
31 13
9 10
43 53
51 48
61 59
58 32
25 30
26 46
64 51
53 34
15 4
50 26
41 33
12 22
53 25
7 22
25 24
14 15
19 22
49 31
23 18
30 54
59 13
40 41
57 61
14 3
48 51
60 36
50 41
29 54
53 30
34 58
28 1
23 54
52 6
21 63
33 50
36 42
18 53
25 46
49 36
12 32
31 25
11 25
54 46
55 61
52 19
59 49
16 4
31 43
15 53
59 40
29 20
29 62
4 38
2 24
4 7
6 23
14 19
26 62
27 34
27 15
19 15
14 47
38 43
13 61
56 49
6 40
9 48
12 63
1 45
26 39
17 12
27 63
46 23
11 64
38 44
26 35
8 22
22 41
50 22
24 10
24 62
5 52
43 37
48 57
11 31
1 34
57 59
42 5
55 41
57 56
30 49
4 36
41 30
6 5
64 15
49 33
4 6
16 6
44 17
19 27
39 52
5 57
14 31
23 20
47 46
12 61
34 53
15 18
21 20
46 40
13 9
26 16
47 14
17 58
52 32
46 2
20 29
24 35
1 29
2 51
57 11
26 63
7 38
35 33
2 3
23 29
45 30
36 15
9 25
28 53
47 19
4 52
34 59
40 58
61 60
49 45
24 58
35 7
41 34
40 23
51 37
36 17
38 9
43 45
7 22
24 33
53 48
14 54
8 16
62 26
61 38
50 51
19 10
61 16
64 15
46 23
47 55
15 28
50 19
49 53
33 63
54 31
56 31
22 55
26 58
17 12
41 62
49 20
29 18
61 44
37 36
21 14
18 3
64 16
54 42
11 15
8 34
60 51
33 35
6 17
23 32
37 45
26 27
46 43
24 25
9 50
19 9
41 50
59 4
62 48
42 4
46 52
31 13
30 8
47 52
51 38
34 37
40 3
7 17
24 23
3 44
9 33
35 49
35 51
24 57
19 47
10 4
54 62
2 64
12 39
61 41
58 12
21 5
1 8
34 16
44 18
26 21
55 52
42 58
40 2
28 41
30 55
19 34
57 2
28 38
64 9
33 25
50 24
17 12
25 11
55 16
10 18
26 37
50 41
23 13
18 48
33 61
32 42
28 33
10 55
23 15
35 17
27 24
4 31
26 39
17 20
21 29
34 46
42 15
49 14
4 59
41 10
40 34
21 44
45 8
15 47
44 6
4 20
16 9
22 19
58 9
6 13
59 20
50 36
6 62
16 39
24 14
40 44
46 19
63 39
46 3
60 8
47 53
5 2
23 56
18 13
7 30
21 1
54 14
48 43
30 52
47 42
51 25
59 48
26 8
44 19
44 8
12 29
28 11
12 2
56 23
12 37
5 27
20 50
6 39
58 34
63 46
16 60
21 20
25 52
33 47
55 57
60 6
31 50
54 40
27 28
1 38
24 57
43 61
44 45
13 56
21 30
52 6
53 35
47 48
63 38
13 15
10 11
43 7
58 22
7 50
64 8
54 29
52 9
63 3
15 62
64 33
51 16
51 47
13 54
2 21
4 55
51 53
37 33
58 16
42 4
43 49
45 14
57 59
17 45
53 41
60 38
28 64
8 55
27 11
26 15
20 2
18 4
7 36
32 56
29 37
44 2
54 1
50 42
22 6
55 6
12 40
14 32
10 35
25 44
24 56
17 23
9 40
64 2
3 6
4 27
64 23
48 28
60 46
41 22
40 35
5 57
24 47
63 12
32 59
28 5
5 21
48 31
34 45
52 15
23 29
7 57
42 1
53 2
13 43
62 46
7 63
15 62
32 41
30 39
27 18
50 26
41 16
59 42
19 35
14 63
53 13
7 14
47 20
28 57
1 50
15 37
51 9
62 33
44 27
24 48
34 39
33 39
53 49
12 38
47 61
9 58
13 11
46 8
34 36
59 33
22 64
55 48
43 16
33 5
60 9
11 27
52 45
31 42
27 51
29 59
29 49
35 12
57 62
51 17
14 12
6 28
43 45
51 5
59 1
47 32
55 47
59 2
35 16
56 55
19 22
5 28
62 63
29 58
27 17
13 17
48 34
24 41
10 2
41 53
9 3
10 63
49 30
61 8
58 20
62 21
37 18
15 53
7 54
7 63
41 20
18 44
31 36
48 26
38 19
20 53
12 50
43 40
9 31
7 10
1 26
36 25
61 46
49 33
61 45
26 36
39 47
19 16
64 2
28 4
35 1
23 58
33 18
39 14
27 13
23 48
38 37
61 60
50 25
46 12
44 24
4 39
59 64
18 43
34 10
21 23
38 27
23 42
58 38
32 22
62 18
45 58
15 53
34 31
64 57
6 16
11 61
17 53
4 8
15 61
47 6
43 2
4 54
36 29
18 19
32 15
51 16
2 42
51 59
36 40
60 39
46 63
53 1
37 29
16 28
3 12
56 64
26 2
8 54
44 12
35 50
27 58
44 9
55 28
37 51
26 40
40 34
20 8
43 41
6 33
52 28
60 14
49 32
26 50
59 30
42 7
36 5
46 54
29 14
57 35
61 10
3 50
24 1
52 4
40 49
39 52
14 60
2 45
33 7
58 16
40 63
41 9
23 49
42 44
15 27
39 22
25 21
51 54
11 48
13 53
19 50
63 28
36 63
42 20
45 34
32 12
16 14
31 61
58 47
15 62
12 5
14 59
61 54
55 25
15 7
40 16
2 43
13 8
18 32
23 52
57 26
43 29
11 41
37 1
48 57
62 7
23 45
64 19
48 39
3 19
29 2
46 53
31 12
62 4
30 29
53 56
11 3
17 41
32 25
13 58
38 50
49 31
42 43
6 4
1 54
5 10
34 9
58 6
49 62
19 53
36 39
23 36
63 12
16 55
10 58
5 2
47 50
47 42
29 64
8 11
12 29
31 41
1 7
39 55
30 49
13 20
37 4
44 55
18 28
37 33
17 52
21 36
7 61
56 62
49 53
47 58
4 33
43 31
54 23
57 33
20 52
24 21
3 62
29 22
15 7
15 53
38 41
45 13
34 60
14 52
39 43
61 15
11 5
2 11
2 61
43 12
51 10
28 20
1 23
46 4
32 13
21 40
48 28
37 32
34 45
45 35
1 32
26 31
25 30
41 59
30 27
51 31
17 23
24 28
27 14
60 59
17 22
11 5
38 47
14 58
24 56
10 36
57 13
1 51
62 36
20 41
55 53
20 40
37 34
38 14
7 15
32 21
28 42
38 12
31 29
2 39
34 36
55 33
19 12
49 63
30 51
32 53
45 21
16 37
45 35
59 10
3 57
7 26
53 18
43 33
40 59
48 35
24 42
27 35
52 20
10 45
55 46
17 3
4 48
7 21
27 57
39 32
8 42
44 40
37 64
34 61
39 6
12 47
54 33
47 9
11 31
25 49
63 3
29 11
28 63
48 29
49 50
43 61
46 35
53 29
25 12
47 1
49 4
22 48
23 22
22 19
44 37
60 30
5 31
59 38
24 45
54 20
23 47
9 53
32 34
4 51
43 10
40 28
35 39
1 54
55 47
53 30
27 52
54 59
9 26
56 25
2 34
13 15
4 14
49 59
30 9
56 8
33 24
37 16
29 36
3 18
42 32
15 50
37 40
57 34
24 36
6 55
63 55
7 49
17 35
39 11
64 46
43 29
12 36
23 18
40 16
25 31
27 15
18 32
58 20
56 16
39 17
21 46
5 41
31 1
17 5
12 62
20 27
22 57
45 29
51 30
3 40
43 31
28 19
36 49
21 52
61 58
49 1
59 14
47 52
4 52
54 6
63 28
35 15
28 4
24 26
8 50
40 8
59 33
35 8
56 34
58 20
43 13
10 30
56 38
41 5
32 55
54 50
35 55
47 30
42 56
62 31
48 25
22 20
26 7
6 41
40 16
44 18
25 34
31 59
37 15
46 64
63 39
4 49
23 34
60 58
19 24
46 9
19 57
20 27
17 22
57 43
46 50
11 41
18 5
23 26
6 24
54 53
18 29
55 15
12 47
63 2
23 25
5 29
29 7
54 60
64 32
1 56
45 60
9 39
19 20
23 15
1 38
18 35
58 15
17 63
48 44
33 38
49 54
6 32
8 10
37 57
23 59
61 57
10 31
49 5
33 14
23 48
18 5
53 40
57 30
24 40
8 44
11 58
34 13
55 28
44 45
61 46
62 3
9 15
30 26
26 32
1 51
34 42
2 59
54 63
10 62
31 43
9 16
45 51
18 40
58 12
43 36
43 4
62 22
41 8
7 27
60 51
49 63
61 21
33 47
59 7
38 55
52 5
55 50
42 19
34 19
42 48
25 26
30 31
23 8
29 52
27 17
25 54
18 31
38 47
9 58
7 30
21 29
59 56
61 52
1 33
25 64
46 55
31 13
6 19
58 62
61 30
11 59
6 29
12 51
58 46
43 9
47 46
52 32
23 14
4 60
3 14
64 18
15 53
23 36
24 8
30 45
19 4
61 15
57 1
44 63
51 28
16 20
39 32
5 4
19 25
47 40
43 42
50 22
60 9
49 44
48 36
35 32
7 41
60 59
2 45
20 50
15 34
8 6
51 18
45 7
57 44
17 26
14 36
57 37
5 50
5 1
17 20
64 31
10 43
9 31
14 22
48 22
29 18
7 18
42 14
47 49
30 14
57 52
2 30
60 54
20 60
24 22
5 7
2 59
49 35
15 27
1 24
31 64
33 39
18 47
12 50
59 34
36 35
15 40
24 36
12 42
17 55
9 63
40 41
26 49
55 19
57 1
39 51
50 45
59 53
25 43
3 57
1 36
62 58
60 52
13 4
12 16
48 6
13 43
5 11
4 40
61 9
37 21
39 19
44 7
31 4
15 8
56 55
35 47
48 64
21 64
52 62
43 32
19 30
38 2
21 23
62 28
50 42
46 13
5 10
52 39
11 58
50 30
18 52
26 32
14 44
15 53
5 35
25 6
58 46
14 59
38 4
49 5
53 64
1 23
63 25
48 60
39 53
36 49
57 21
48 42
25 38
4 5
26 49
16 30
22 4
12 19
48 21
59 39
10 9
28 43
19 45
46 16
36 60
61 26
29 17
63 6
54 31
29 2
9 56
7 63
59 38
55 52
40 21
11 46
62 17
22 30
50 20
16 22
28 36
13 23
8 2
9 27
41 31
37 6
58 17
3 29
34 60
2 47
31 14
10 19
24 11
23 34
33 34
10 50
51 28
44 16
37 50
55 53
38 53
30 14
9 41
40 6
15 7
59 51
49 30
17 52
40 2
57 32
56 54
17 28
35 3
44 49
57 12
46 8
34 56
3 25
49 51
7 42
31 25
11 34
21 40
21 30
46 1
63 13
22 39
16 26
56 24
60 45
45 20
53 61
41 44
46 28
47 18
39 19
39 43
24 47
37 22
10 60
21 37
36 11
57 63
3 62
7 48
25 41
59 52
48 34
47 12
5 59
4 11
14 64
16 61
33 14
58 61
52 28
45 48
51 24
63 12
23 20
29 17
60 20
22 27
29 30
7 3
63 12
19 28
51 35
36 26
45 17
61 21
34 56
33 13
26 12
6 2
21 8
39 12
1 22
18 8
23 59
26 52
41 57
19 53
30 15
34 49
60 49
35 30
62 54
28 5
44 55
62 32
60 34
40 33
33 58
43 1
41 35
37 62
60 2
38 45
21 11
56 27
58 47
37 44
41 36
28 23
39 16
58 13
43 50
22 3
39 46
9 2
37 14
44 18
31 49
48 36
22 64
25 43
5 19
4 56
59 64
48 27
23 20
3 10
45 18
8 48
59 27
13 1
24 5
64 42
37 6
52 7
59 53
25 29
1 31
33 60
40 61
28 10
9 10
62 54
49 30
42 17
34 61
64 28
48 32
50 15
33 54
1 14
59 51
5 31
47 14
17 2
40 55
32 18
20 62
7 57
29 59
38 30
43 6
2 19
17 21
38 45
8 2
53 29
5 44
28 8
62 41
50 22
39 14
1 50
27 7
33 16
19 63
54 52
30 36
53 18
3 44
23 63
61 36
5 3
6 12
19 48
56 36
48 4
57 26
44 34
11 31
38 13
10 46
35 12
52 18
34 40
3 32
8 12
58 57
63 24
55 14
37 31
61 23
23 58
56 48
51 15
27 53
21 17
52 19
34 64
20 14
26 12
49 5
45 48
45 28
18 24
51 13
32 57
55 2
20 56
60 33
18 41
3 50
1 64
22 7
29 44
3 28
21 25
41 61
48 52
35 7
16 20
39 17
51 25
40 57
64 9
15 13
6 55
5 1
47 33
43 54
52 34
29 42
10 13
3 24
46 23
53 4
12 17
19 34
1 63
14 7
30 15
8 19
11 5
59 31
12 62
54 41
31 44
44 21
54 53
56 45
57 24
61 36
33 18
29 38
28 25
49 55
16 58
34 18
5 3
55 23
52 23
51 56
56 20
44 33
2 15
30 51
5 26
36 7
33 5
41 53
33 61
21 63
22 57
8 52
59 34
3 26
60 2
50 23
13 36
57 2
15 4
52 16
18 42
60 18
11 9
34 26
47 38
10 12
17 37
28 11
28 54
25 10
31 28
50 41
51 20
39 21
64 57
4 37
42 41
50 36
63 47
35 39
19 42
1 32
39 10
21 29
47 11
3 45
15 62
16 8
46 8
19 20
4 48
32 37
6 56
62 40
63 60
27 55
14 19
43 62
32 24
2 45
46 4
38 27
48 5
24 54
18 55
22 29
53 19
37 49
56 26
42 48
59 62
40 61
49 57
10 22
39 64
50 53
14 42
33 28
43 24
24 58
52 7
22 41
48 26
1 64
49 51
59 15
7 8
62 38
36 58
64 47
35 59
60 42
28 29
16 46
55 35
28 6
36 34
21 45
4 8
61 8
2 21
15 39
3 11
32 13
31 51
58 15
12 36
39 20
51 63
38 6
37 50
30 7
53 17
55 13
61 62
35 13
27 21
26 45
37 4
6 27
11 44
9 46
50 25
23 2
29 11
34 25
1 18
62 44
59 29
55 13
52 37
23 14
47 33
41 43
55 8
10 63
31 40
61 43
55 29
51 34
6 59
24 2
12 21
47 11
5 35
11 33
27 1
32 42
42 50
38 40
20 12
43 58
8 40
14 36
25 5
4 32
34 11
64 63
30 41
27 21
20 33
7 9
54 41
45 64
15 21
14 27
52 44
12 22
54 48
3 7
20 63
45 16
42 22
29 6
60 1
53 2
57 17
28 6
49 8
22 32
47 59
17 25
48 64
54 52
15 2
19 45
39 5
17 26
46 44
7 48
15 56
35 58
27 36
54 41
17 29
63 11
6 28
53 33
18 60
36 57
7 64
34 17
9 1
37 2
46 56
52 41
14 31
14 23
44 9
26 19
59 51
9 15
4 41
43 49
47 1
11 16
40 7
62 2
17 61
30 63
57 34
60 4
49 37
42 36
20 49
59 43
4 54
43 19
53 13
44 22
44 26
59 3
57 42
55 42
16 53
34 35
60 32
50 28
2 38
25 22
54 7
58 13
58 10
13 64
47 12
14 35
5 47
19 64
39 56
45 11
3 8
26 56
24 1
21 22
28 3
48 37
16 63
28 51
9 3
43 6
26 41
26 30
25 32
34 25
21 62
3 7
33 52
45 24
64 20
42 29
58 52
10 13
56 33
37 16
36 53
16 1
53 48
61 23
47 20
40 22
5 39
4 58
61 36
52 50
15 58
44 61
25 37
39 35
41 27
43 15
31 46
21 31
17 19
35 63
16 41
20 60
14 23
12 24
24 51
54 55
13 55
18 31
59 36
55 8
13 8
8 26
49 43
35 5
27 17
22 11
51 33
60 37
59 50
29 38
57 53
5 17
15 2
46 60
39 29
50 27
46 21
59 22
23 3
7 33
51 27
34 53
54 35
43 36
59 35
64 16
15 62
59 19
26 41
22 52
2 6
4 62
60 5
56 48
49 15
33 45
51 37
41 49
14 16
42 44
51 1
40 30
42 5
24 9
9 47
38 7
5 52
12 29
54 46
32 62
54 59
30 50
64 46
33 56
28 11
3 11
49 53
46 15
25 32
39 42
41 8
43 63
20 45
14 22
22 43
6 24
9 55
18 3
50 27
53 31
14 29
56 21
3 13
16 57
40 50
27 37
52 11
64 40
24 10
32 61
30 7
45 58
17 35
6 37
29 23
16 30
61 6
17 60
10 26
13 27
27 3
47 25
46 62
55 56
32 8
48 53
22 61
59 54
7 62
59 31
46 42
6 54
7 57
31 43
26 53
39 49
1 30
64 20
9 46
34 31
19 18
43 53
6 3
26 21
39 44
48 28
49 35
11 3
54 56
5 16
4 56
45 17
29 18
2 18
41 24
15 28
40 29
44 49
21 8
10 17
44 43
33 35
29 1
7 36
20 10
28 38
30 39
12 41
21 37
14 38
61 41
48 38
8 52
58 19
35 62
59 25
25 50
20 23
27 51
1 16
63 19
54 56
20 35
1 57
63 57
33 15
29 17
59 50
6 62
42 15
16 59
7 8
53 37
10 17
9 4
20 27
34 24
14 61
11 46
43 62
12 21
29 31
34 5
64 31
11 52
56 55
45 38
35 39
23 54
46 21
8 43
58 8
41 56
10 15
54 37
28 51
34 38
20 5
44 46
52 43
14 29
13 64
37 58
49 28
59 24
18 61
38 26
14 48
7 58
2 23
36 64
32 63
3 23
33 60
22 57
33 10
11 47
35 25
61 40
5 63
19 17
30 21
28 31
24 9
19 7
9 19
52 62
7 50
42 59
10 46
45 18
17 13
9 21
15 63
6 24
10 29
61 22
12 25
59 12
15 33
8 64
6 42
41 57
31 28
8 5
14 52
46 54
25 50
58 56
12 50
5 51
46 39
14 34
18 42
2 3
40 60
15 8
52 62
32 18
14 60
9 1
4 33
58 44
35 5
17 7
33 47
30 59
19 48
26 48
36 2
48 41
49 20
60 52
55 31
55 2
63 23
43 49
17 1
38 6
49 22
44 64
9 22
4 25
44 37
1 7
10 16
64 41
55 39
40 39
4 40
58 27
53 31
11 63
34 37
62 5
62 35
45 34
27 31
33 32
36 1
12 42
21 35
55 36
37 20
8 19
62 54
30 57
2 3
22 23
55 35
48 7
56 6
42 51
28 34
47 43
23 38
31 19
32 4
6 63
21 27
50 53
41 38
60 4
15 43
14 48
58 63
21 11
23 24
26 3
25 64
3 54
47 46
36 51
26 54
51 6
7 40
44 56
50 7
60 1
40 25
10 56
1 59
38 22
9 26
32 16
39 42
4 61
22 31
59 37
49 60
29 59
50 40
30 27
63 47
48 18
13 30
55 25
43 52
17 19
57 14
24 26
13 60
31 24
55 5
63 20
45 33
36 16
12 51
21 35
37 53
39 33
42 47
28 64
57 43
32 15
50 7
25 38
27 64
11 54
30 55
5 17
9 61
59 54
31 21
19 52
17 2
19 30
43 15
46 43
22 7
53 34
15 1
55 56
13 61
2 58
28 2
21 48
22 50
26 38
59 20
5 41
61 54
49 51
16 41
17 22
3 63
64 4
56 62
29 16
46 7
19 40
8 31
13 18
56 53
57 23
50 20
46 6
59 63
30 33
36 41
28 26
42 51
44 36
10 38
24 42
40 33
29 16
50 32
25 14
13 32
21 24
62 56
48 19
53 36
54 13
20 64
40 16
33 10
6 23
61 4
42 49
37 36
23 54
52 53
56 34
17 29
1 63
52 46
29 55
36 52
46 58
53 26
51 18
14 39
5 49
31 50
5 22
3 19
14 43
23 45
44 22
44 38
58 21
28 38
46 4
43 33
6 64
4 30
16 57
11 28
34 12
58 19
8 43
32 35
13 7
2 5
56 12
22 38
1 42
57 49
18 47
21 42
34 1
27 64
6 9
41 28
15 44
60 12
40 18
59 50
54 57
35 16
7 25
8 39
32 4
8 1
6 62
26 56
41 59
12 54
16 49
31 7
41 34
38 63
41 20
34 51
47 10
61 9
12 23
61 46
24 44
59 15
39 38
13 46
36 17
48 15
45 59
55 14
44 14
3 50
24 20
54 19
21 32
26 17
19 13
10 48
13 62
24 14
60 21
8 38
32 60
29 10
17 2
43 42
3 31
27 46
51 39
21 48
31 54
53 61
19 34
9 5
1 30
3 22
58 62
40 12
6 43
52 20
43 11
16 15
33 6
37 9
18 1
60 57
44 28
64 51
26 7
56 36
17 32
43 42
19 5
11 31
57 33
14 5
8 33
37 22
36 15
9 15
26 6
56 15
59 41
7 27
19 64
51 8
26 7
49 58
35 8
5 2
50 18
6 1
31 32
63 47
30 12
46 1
29 31
36 20
54 61
3 53
49 1
41 56
23 62
38 45
54 28
16 50
33 44
58 38
4 34
52 45
10 32
61 21
30 39
37 47
41 6
23 13
12 29
49 43
40 7
4 60
53 45
58 23
44 54
24 64
44 4
30 47
50 61
40 19
57 26
25 29
64 40
12 57
38 53
43 48
37 55
54 63
19 21
36 63
59 19
34 4
25 62
37 28
6 51
5 28
61 62
49 41
38 11
9 28
29 57
16 10
43 4
47 36
38 49
6 21
61 58
9 60
36 54
42 22
39 35
23 6
58 30
55 37
13 39
44 59
34 7
4 46
37 25
63 42
48 24
45 10
54 3
52 41
31 56
50 31
56 40
12 20
1 20
2 43
32 34
55 20
61 43
23 26
57 18
13 23
13 26
53 55
40 49
31 33
42 19
26 15
58 27
59 56
17 12
38 41
9 10
62 48
57 40
12 14
25 21
39 64
8 48
45 37
52 10
8 23
56 47
47 33
39 25
4 58
41 26
20 61
4 5
48 39
59 42
26 2
18 63
53 17
51 49
55 8
12 2
40 58
47 15
31 62
64 12
5 13
34 33
59 1
23 27
40 56
7 31
44 3
6 37
44 54
59 37
41 29
1 50
33 15
13 23
61 36
56 58
38 11
30 12
24 1
8 46
3 11
32 2
42 19
13 36
52 62
32 4
62 26
31 53
44 11
14 53
52 57
35 61
32 22
28 41
3 5
51 9
9 63
40 42
43 57
21 9
63 60
36 39
16 57
15 51
14 15
44 35
62 42
35 32
13 41
17 20
1 41
53 64
47 31
16 22
15 61
29 38
37 45
1 62
33 7
39 48
37 25
10 8
54 63
41 19
52 34
55 51
14 39
35 37
30 7
50 6
50 49
16 15
23 27
52 40
16 44
21 55
24 62
55 43
4 60
36 44
38 26
63 23
56 47
21 64
31 52
63 51
58 39
43 59
34 28
7 20
43 9
23 51
1 19
18 40
30 57
56 22
12 13
33 4
64 47
22 33
40 34
21 50
11 30
31 2
46 4
19 5
20 10
38 10
14 3
13 56
36 40
19 24
12 25
34 27
39 2
11 15
52 60
17 53
15 25
1 41
26 18
16 42
27 56
6 13
54 16
3 15
14 50
49 41
10 58
24 23
48 58
18 8
59 49
26 62
52 18
33 10
46 12
2 7
20 13
45 40
9 42
61 6
44 21
31 58
44 50
43 33
25 13
49 22
29 34
26 38
22 63
45 32
54 14
64 34
57 59
20 54
17 60
19 50
20 40
9 31
31 10
55 14
42 41
28 24
4 60
51 59
35 12
2 6
9 16
27 33
22 47
30 44
19 52
45 36
5 17
36 37
20 52
64 59
19 9
15 56
22 13
25 6
16 34
62 52
13 20
12 59
36 47
30 60
13 33
49 23
26 27
12 27
21 14
27 2
26 47
60 57
5 2
55 46
44 37
47 41
2 39
52 57
14 30
59 18
53 42
7 31
21 37
14 18
15 44
19 48
50 45
46 51
54 5
34 25
1 11
42 3
46 25
28 7
58 55
38 11
4 35
20 11
50 63
64 17
23 42
43 10
58 35
23 37
21 9
18 32
57 30
29 26
9 43
19 43
7 44
61 34
40 64
60 58
8 5
35 55
15 24
50 12
62 9
9 40
39 22
25 61
19 37
11 44
42 46
52 45
30 60
62 43
49 27
10 48
3 30
12 6
48 18
64 39
63 37
5 3
59 26
27 45
46 60
6 23
11 28
40 1
61 33
54 41
20 58
24 44
32 12
2 58
39 4
15 17
59 13
30 46
64 47
21 33
31 17
40 36
50 24
17 60
37 16
45 24
26 29
3 10
9 7
34 54
6 49
54 2
13 56
14 50
63 48
8 21
51 2
33 44
18 62
23 12
53 11
50 35
10 27
26 55
63 59
61 21
38 23
49 57
58 18
13 64
22 26
49 4
27 50
18 30
49 14
3 51
33 63
38 42
17 19
29 35
54 39
7 63
10 6
10 9
35 8
43 23
59 42
27 5
63 53
46 53
47 13
16 45
2 10
34 59
3 16
5 50
8 43
28 19
44 5
41 36
1 52
46 42
55 25
16 12
26 21
37 26
18 22
13 50
31 6
11 54
27 35
22 43
6 15
54 48
56 13
32 64
52 24
29 8
61 25
46 64
64 25
59 20
51 9
11 48
14 19
53 45
29 3
56 60
36 45
11 51
58 18
48 40
36 57
62 49
9 14
56 52
