1000 4754
340 540 71133
431 214 55285
929 147 46976
814 815 68504
235 707 36609
142 310 42733
49 50 21884
144 145 37564
232 985 5821
627 270 25982
926 441 64961
239 366 90563
623 624 12971
538 539 77958
533 982 43120
728 729 20184
733 281 74743
726 903 99803
536 736 71107
820 262 84475
235 674 63197
818 435 1798
143 258 81915
539 466 80511
242 56 61656
623 584 49989
240 241 68956
927 372 87445
730 576 83486
139 627 50022
338 769 44555
815 661 6339
732 402 97162
537 538 47153
426 599 9045
924 535 89771
729 674 23269
233 950 49980
924 538 23707
428 429 36155
732 411 99986
343 344 49602
423 882 47753
817 503 50001
241 242 53605
735 158 50029
922 734 86631
423 891 89687
48 86 90804
730 607 59327
536 655 49980
243 73 98233
534 834 97346
422 919 53363
920 921 78377
145 4 51300
346 105 38039
814 726 851
735 173 39570
813 814 92925
737 5 93927
921 844 51418
538 499 67680
822 21 7600
48 49 25307
340 653 75296
622 742 15077
143 210 92252
543 65 99016
344 316 82858
234 915 84682
624 386 26490
928 367 57203
812 868 96306
430 431 77802
623 499 20235
239 494 78191
627 141 27204
726 766 26591
922 923 2833
147 13 50029
241 319 70472
241 307 97553
243 132 47198
729 492 50022
340 708 20562
430 410 49980
726 788 5601
813 755 78284
726 786 49989
621 622 77463
818 307 13738
344 345 74248
817 413 49999
238 555 49998
732 264 50022
541 170 23562
424 909 70429
239 545 79766
628 101 60440
727 728 34432
42 475 93058
539 247 14069
812 813 72011
621 723 70993
818 280 34320
622 623 42556
921 922 41411
141 456 50001
429 459 44231
926 503 13316
245 26 39820
47 48 35151
145 125 73226
735 35 34
239 548 52948
39 712 49942
429 430 89584
922 880 50015
242 243 40069
624 413 1202
922 866 54344
236 773 36104
811 862 21907
726 844 44018
536 537 72963
140 604 80433
541 110 50026
618 972 28246
541 116 90687
626 250 80891
425 794 48687
729 588 63080
243 167 82968
145 146 94577
38 807 44110
235 457 9263
132 952 31145
233 634 8155
428 240 96887
138 421 84317
817 818 884
236 376 38813
427 342 49989
731 709 50026
541 15 37009
141 164 56789
426 427 18039
46 47 44837
426 402 92193
421 847 49975
817 802 98368
826 1 50094
141 142 4189
535 536 16183
620 621 57817
932 148 97492
427 320 93878
343 21 43380
237 277 50022
731 732 39727
43 299 57937
426 387 13684
532 853 49129
340 341 59928
37 838 23850
132 991 49984
739 31 50001
825 83 67089
133 884 71665
343 44 31902
931 259 50022
237 238 3432
239 66 29273
728 990 40949
235 420 49989
622 406 40179
132 894 71473
730 855 47003
230 966 49999
44 184 53366
425 426 98680
230 953 4665
238 239 65859
339 442 28019
139 263 14276
924 832 11336
233 673 56552
38 679 89846
923 924 3715
816 817 21001
136 564 46666
737 267 24141
338 579 27013
825 23 54188
424 512 88404
624 312 71023
41 419 49980
927 549 95014
816 798 52843
735 422 31735
735 425 40412
738 158 98825
531 855 86247
622 471 19095
426 316 29272
42 318 58491
43 226 80268
624 297 82226
45 46 6238
341 342 95627
239 240 38664
231 954 37163
935 14 85697
239 232 449
135 816 3522
423 813 49975
618 676 97734
235 581 35760
734 296 64952
36 820 50030
931 359 64762
241 35 51759
340 414 44023
231 926 83148
617 746 88352
729 730 63524
337 676 956
536 370 60616
339 556 31403
735 255 57335
143 144 72224
343 196 28353
624 115 49998
935 48 83976
42 260 49999
427 428 23634
534 535 78597
614 997 35002
38 608 51500
823 121 1377
241 11 99582
625 13 66780
925 926 31294
925 928 49980
933 213 50001
424 680 41468
134 923 87219
824 20 50001
144 31 50007
730 731 5387
533 534 39897
431 47 76263
823 100 41828
933 141 24165
815 816 56468
137 574 74475
138 488 92413
339 569 8251
44 45 64319
142 118 16217
924 925 79489
142 120 95477
818 534 81654
626 9 18358
535 390 31126
925 881 49984
424 642 24582
621 452 51567
928 617 24524
231 980 38087
235 624 77463
232 892 79236
38 557 83785
342 343 22827
335 971 67029
619 620 87653
38 547 88034
341 423 70692
239 256 69148
536 284 89941
729 828 49984
822 135 49941
819 403 61794
231 960 77233
142 143 58513
721 836 98927
233 337 50015
40 291 62775
915 916 16251
434 435 16464
437 169 49989
231 517 59906
437 172 48465
43 44 90219
337 338 38899
39 403 83667
335 520 17464
150 151 96560
533 504 59515
825 352 50015
916 798 31166
534 368 36386
625 940 10318
38 515 27399
722 723 51186
728 192 4450
339 127 16343
828 93 6123
336 401 71914
824 458 44347
330 933 815
538 32 24872
820 821 98750
528 866 49989
723 724 39487
630 529 72348
731 26 22359
235 236 20692
428 924 88881
532 533 46337
34 789 92211
629 630 6463
824 363 4944
150 40 67754
819 820 76676
142 750 51672
433 485 83280
535 206 16680
919 462 53513
529 752 25004
914 915 75327
337 375 65402
341 28 19790
535 232 90706
149 150 51776
532 497 31171
914 931 23608
818 819 89067
816 997 31993
921 514 49999
926 75 17705
728 95 82716
530 632 99619
234 374 74718
629 416 22399
531 532 20797
531 535 81214
331 990 91611
537 1 50007
439 126 73777
526 992 50029
721 722 20863
533 370 30671
431 863 13847
338 339 70827
236 237 93426
229 860 93545
152 64 43802
624 900 74665
151 152 11041
229 852 83564
336 508 25814
627 628 28881
439 166 86147
825 242 16113
721 698 49230
436 437 9601
148 433 62320
433 704 46530
42 43 38881
150 253 41606
728 69 50022
339 263 57745
237 174 64016
825 137 49980
144 739 7063
230 800 12795
429 949 50001
824 224 50026
434 498 51856
228 979 12665
530 557 96436
339 340 93844
922 357 71841
923 267 60869
820 570 94554
534 198 46641
916 917 16495
146 577 83145
434 513 50030
918 736 50007
624 950 33335
720 884 53017
144 762 90606
429 954 50038
336 619 50001
725 432 58490
35 586 44391
725 395 51310
530 531 65856
721 747 91146
525 975 15292
233 557 62277
41 42 98174
149 254 81363
435 436 46183
145 616 12013
152 13 52720
334 779 36288
628 629 32547
826 90 50022
819 712 78544
923 254 59694
233 571 81128
922 337 38023
433 627 91275
917 785 96256
231 275 58991
138 967 50029
733 39 19727
535 60 39913
918 919 33748
34 585 66891
231 283 90539
824 683 23934
141 707 26951
525 958 27976
527 781 2149
631 136 12035
921 664 50026
334 335 77703
527 759 50007
40 41 73377
433 261 72824
147 148 40453
227 613 3866
147 146 83782
141 693 49989
924 354 27473
535 31 28471
626 608 89136
822 896 22744
725 726 82634
233 136 50029
919 804 28821
724 820 30568
332 480 50001
30 964 15295
229 462 45334
724 798 35232
40 70 50030
32 788 965
725 716 24205
143 479 40408
39 78 25230
923 412 16545
229 510 7196
726 727 40670
529 530 38541
31 792 6638
335 336 89253
824 622 65405
531 342 59926
232 233 68178
633 6 6974
626 627 70023
29 963 49975
822 823 33767
631 221 35671
227 727 78802
329 828 99760
828 288 86574
431 432 9490
227 730 18865
917 918 6237
228 615 49984
918 809 31506
229 530 93527
823 717 90805
821 909 50022
234 90 93142
146 147 42066
430 504 80604
726 541 59285
821 822 60725
532 208 83685
726 545 72110
427 948 61923
724 725 58451
429 759 37113
338 122 12580
624 625 3699
331 749 58943
436 134 41658
527 640 50014
531 276 60008
731 79 95900
338 101 55084
920 837 58057
433 434 34583
435 259 26058
532 172 96449
528 529 72740
335 349 2800
35 396 72398
39 40 81438
147 253 67932
919 920 91004
38 117 65964
233 234 92225
823 584 63607
148 149 30423
432 433 4900
38 39 3700
33 474 44183
820 831 62958
924 441 20323
426 951 82538
225 978 78940
825 385 99280
727 492 93165
336 349 96470
234 235 2536
533 28 96673
231 507 36329
36 250 97810
528 466 65340
336 337 44101
435 193 93388
625 626 40945
28 963 55187
235 142 68961
142 635 45256
335 414 50026
624 703 47679
628 348 15259
28 948 75460
820 855 60260
333 585 16885
998 704 98628
221 995 27109
60 25 56873
909 853 90812
913 484 48254
526 493 72445
442 199 68636
358 27 44209
744 361 50022
132 133 12955
747 114 50026
740 741 99207
998 713 9928
529 266 62683
127 595 36280
439 440 59244
443 72 57134
616 228 50022
526 527 63256
997 751 70706
747 127 96118
528 353 63418
612 613 31314
740 772 89981
611 690 26120
915 359 23976
126 685 32909
228 345 50007
530 215 63272
746 125 50026
994 993 81049
909 910 7145
356 145 50022
994 995 7470
914 461 17908
440 441 31260
739 740 93370
221 924 15781
347 939 50015
610 730 49989
440 466 46299
222 854 65676
123 992 69128
229 230 65273
610 755 92440
349 785 39605
224 680 49975
742 486 10738
531 129 35060
831 306 15152
231 5 16026
224 629 7295
913 589 56104
226 454 73605
354 355 29971
738 866 34724
60 61 61335
611 612 60661
57 314 48388
439 498 57290
825 826 1572
527 528 9258
51 873 49980
133 134 49247
437 768 89927
228 491 7679
614 316 49999
737 856 38921
125 854 84615
824 763 41373
829 319 9599
822 942 59932
231 233 3862
826 587 49998
231 232 65617
355 431 40938
829 326 50029
828 420 57721
911 809 46891
435 965 18718
224 871 93454
352 707 42608
822 960 86870
356 357 91817
53 535 12323
828 429 44132
612 456 30639
910 911 78408
441 385 5153
436 833 33590
58 48 92812
832 25 73041
525 498 91074
823 826 34690
823 824 23541
610 647 25889
743 361 2206
355 464 50029
522 769 5801
131 373 24851
912 750 49998
353 643 99068
525 506 75064
825 656 65172
746 108 62103
50 773 72063
129 560 61121
996 997 65235
526 425 97737
741 555 62017
58 59 73759
917 325 74650
351 713 66083
824 825 79647
355 356 79266
827 559 50029
609 690 92711
127 748 77861
610 611 18130
351 719 22029
525 526 8294
607 877 19733
134 135 56319
736 898 97240
59 60 40141
738 727 20264
128 681 54714
914 610 55950
913 699 77630
349 925 90560
995 996 46107
441 442 58887
232 39 95855
606 933 55240
738 739 90180
232 47 33853
919 182 50015
917 359 42795
227 495 53100
353 582 18236
230 231 14984
911 905 17802
746 47 80832
911 912 26260
998 754 69841
230 241 85900
613 326 91619
354 500 2771
528 83 66284
740 994 80142
520 801 47196
912 855 47481
53 409 495
434 670 36526
523 524 59231
129 130 75893
441 49 53704
524 438 8158
914 659 75121
525 326 51934
608 721 59482
130 88 3981
616 2 69384
915 620 12375
914 712 71422
916 533 2849
352 350 29011
746 482 12585
609 610 29122
352 353 65822
519 903 50030
832 404 18016
121 868 50030
743 744 54772
518 983 50026
913 774 94009
746 469 74275
520 807 48704
128 236 94830
351 352 98365
743 662 86028
837 73 13181
748 218 49980
997 998 12439
608 672 68225
912 913 48201
440 199 73027
55 287 54452
742 743 99796
226 227 77926
915 634 59065
741 823 12977
748 196 27371
836 139 58409
612 298 36935
121 897 47457
522 720 48678
122 858 82438
437 438 95996
914 771 30125
604 997 66420
347 730 50026
354 106 29628
919 312 58645
130 131 91452
347 726 34010
524 525 38281
828 829 67212
346 811 64092
218 911 96332
48 873 67680
748 231 71440
744 590 50014
828 819 8472
57 58 10140
740 936 50014
353 354 45304
828 674 10795
436 615 43580
520 659 87861
438 439 56191
354 268 8290
748 150 9217
918 444 12888
608 609 9833
443 3 80926
916 624 49980
55 101 69980
353 368 98615
436 630 83784
920 272 25941
832 327 13456
124 691 76048
225 504 77235
130 159 16114
49 610 53917
521 559 73618
432 962 51361
440 251 85883
521 567 39511
221 862 56725
55 85 69423
438 436 49989
999 1000 42900
913 914 50635
914 825 59373
831 373 91398
354 300 12392
353 389 49999
613 127 31873
125 651 57762
353 392 38443
832 288 81160
919 387 42847
228 229 11894
522 523 65779
743 630 49292
826 827 58340
442 58 20589
47 782 85498
613 138 31434
357 16 71354
921 191 50007
441 131 27582
55 56 11601
352 468 2619
357 27 1875
829 549 4342
830 564 59932
612 187 66787
827 828 50141
916 682 50001
740 804 89720
749 2 50026
355 122 10292
348 724 50007
828 723 37244
131 132 67851
922 130 74637
56 57 54021
604 868 49984
918 540 49984
998 999 36917
350 590 31688
122 985 73498
131 185 87605
607 608 7096
741 742 44520
440 299 26096
741 744 3918
221 760 10816
605 762 74433
350 575 50029
527 119 25270
227 228 42676
356 49 69167
351 494 59576
834 163 50007
828 698 13408
746 284 40801
740 818 89953
903 904 78850
220 537 46172
349 350 66010
838 128 25562
830 831 7969
518 725 71476
523 282 68111
834 504 87739
138 139 38046
904 831 42618
216 900 18392
519 659 56088
48 559 50007
445 446 67533
226 38 50029
133 529 70747
520 521 67236
350 228 85024
830 865 7891
732 917 8789
45 838 88160
137 177 73502
47 665 35643
734 735 99927
138 108 98429
344 783 40225
618 619 4462
522 361 8341
518 718 50007
54 55 37295
133 544 54192
902 965 75846
224 225 37629
906 612 51780
911 166 50015
515 977 55795
516 976 4314
740 176 50014
733 799 6426
348 377 84456
51 344 49975
215 919 11095
521 522 56741
741 78 74093
44 962 88998
223 224 27407
831 832 85338
222 305 50022
733 812 99355
136 373 49975
135 427 30222
132 689 25467
348 349 78110
443 694 13837
831 837 73844
839 125 1535
445 504 89141
617 618 71396
137 236 24393
221 407 40744
346 518 50007
521 516 49980
523 336 52352
516 960 49139
903 940 83570
225 71 49989
908 497 73723
616 617 69822
448 267 44674
139 156 50015
446 447 69355
732 829 60623
519 520 56317
46 599 54732
49 332 11830
344 929 46083
733 734 73040
835 265 19907
225 226 44025
51 163 87862
833 453 75571
523 182 1747
620 280 12276
827 995 72270
49 351 6711
444 650 33258
622 113 18013
444 660 2584
904 905 95025
138 209 36420
350 351 10171
734 608 28762
344 898 2051
48 452 18197
829 830 70386
451 43 50007
730 971 49975
514 943 11332
139 140 91115
741 1 80736
350 377 22276
514 950 25265
735 542 6573
451 67 63817
828 944 28144
905 906 44958
831 686 50015
442 875 85799
140 141 37536
48 484 50045
52 144 18303
447 448 80850
53 54 6925
522 335 91407
346 643 50026
447 452 20502
738 189 60051
736 374 49999
732 733 29246
348 475 61319
52 160 35411
621 151 76181
613 862 64927
46 701 13415
913 187 15936
217 921 60332
834 469 93768
618 430 17878
43 977 57430
442 443 88353
906 907 83113
620 145 94706
833 834 66044
134 235 48642
218 469 85509
841 118 37176
916 5 21343
742 317 34036
135 136 26982
519 388 25307
905 976 76405
48 283 868
49 201 64692
908 701 68735
438 836 16946
339 968 38718
346 347 52001
737 738 34284
221 222 24533
615 616 34507
41 953 38477
216 663 54711
614 693 19631
619 248 42350
51 52 63217
45 589 98094
348 136 12704
612 800 15084
339 943 22925
614 615 69442
734 974 895
911 520 73588
440 680 23026
743 179 49989
445 234 14352
515 821 51871
220 221 87818
516 726 11759
521 278 73758
221 124 35991
215 659 30043
445 214 65001
909 681 27249
439 755 60413
841 229 94485
344 462 87628
52 53 86568
914 231 51647
916 53 77092
49 316 32150
843 53 40301
126 983 43313
836 676 58910
518 519 45419
443 444 43770
445 268 50014
134 257 31989
834 835 26005
129 704 50015
743 139 45017
908 749 23684
620 107 28656
445 261 50001
136 78 78265
345 346 58091
340 795 6980
914 205 67637
137 93 50015
344 679 88212
736 737 85619
834 617 81280
223 155 74313
836 454 40972
350 152 47859
620 23 67042
46 361 10628
832 805 39522
222 223 54086
515 612 73497
39 957 76478
737 633 40222
521 79 82587
743 94 40968
346 495 2264
830 971 7730
915 223 71462
834 615 44908
741 279 1927
131 620 87473
832 833 64654
907 908 35369
612 765 56941
442 593 49980
44 563 33366
614 596 28811
49 125 58329
516 517 59935
517 428 81922
222 280 92895
614 592 58422
743 84 80051
832 835 93734
741 245 51275
511 933 46882
913 354 36698
136 137 37507
734 862 76977
611 846 97812
831 912 86402
44 554 87339
912 455 66642
42 733 1726
910 630 55236
347 371 76427
220 357 96876
832 864 5442
344 618 59910
347 348 36017
128 956 55361
610 845 76255
837 422 52202
517 518 24086
840 161 35603
738 474 49980
48 226 16832
40 935 45803
912 544 16196
350 66 54241
137 138 48895
41 857 87794
50 51 70470
444 445 26247
908 909 34599
217 610 49984
136 214 68425
220 386 14142
128 935 81917
613 614 10082
918 1 9091
735 736 81477
619 57 41417
618 148 33723
43 697 24076
224 14 65054
732 985 50015
347 307 39391
617 247 53836
218 556 6036
217 644 70778
909 36 22491
705 586 1688
453 454 80336
455 272 75087
793 528 36470
219 220 45580
790 791 45200
455 269 88362
211 921 70076
122 169 97586
989 545 84190
796 243 10620
899 900 75743
984 985 70936
705 564 59428
367 368 60617
555 981 51739
644 645 83083
214 644 86487
704 705 1009
452 508 44417
454 332 50026
704 702 65081
123 124 47681
16 783 54220
364 625 50014
453 411 54319
907 230 49998
994 60 60215
562 330 2493
645 646 58891
369 219 82884
122 123 61275
217 468 45507
798 15 50022
15 840 74211
217 460 49999
563 167 49998
796 195 50026
219 278 18623
113 908 46890
652 11 39739
900 758 91986
24 25 37563
367 374 51824
112 992 86030
22 199 66327
904 394 60666
565 23 84287
365 606 25969
708 418 3475
789 790 62811
559 560 62803
706 599 40153
452 453 10136
18 547 38270
559 549 63779
557 729 75568
369 245 45924
555 908 49980
707 500 83583
705 668 4800
641 955 29749
642 870 49999
711 127 13336
370 140 47198
649 239 3763
18 763 63393
21 494 87974
210 896 47070
705 706 17406
447 852 99301
713 7 66772
118 420 87976
358 987 49984
217 252 4773
643 869 53979
121 122 37129
455 129 71358
453 304 68163
557 870 67728
364 448 32436
455 138 48132
113 843 27553
358 991 83400
365 368 4774
708 431 50022
365 366 32796
16 907 56162
456 26 49998
561 562 49991
19 648 85226
26 27 10780
112 981 79968
993 46 23834
363 592 91930
451 472 57437
451 452 13641
217 218 96490
558 820 23984
643 833 24477
903 445 51491
798 157 14687
651 122 50022
364 493 4339
114 788 19316
122 76 56649
791 792 52693
562 466 51144
898 899 19947
211 764 81249
214 498 50110
24 169 21616
897 898 59608
652 144 59138
560 561 43650
117 445 91325
644 865 50014
994 49 7742
799 62 30406
21 440 74445
644 849 12409
20 516 60782
799 47 65495
643 936 67205
446 876 10517
449 579 88633
646 647 40494
899 762 49975
218 219 14230
210 909 53251
366 367 63015
559 664 26162
25 26 92815
793 544 67844
450 479 75422
448 659 49984
706 707 35513
455 38 85200
791 725 67814
709 444 33582
983 984 81613
559 674 22814
451 365 99099
111 895 75431
799 241 6760
450 451 42856
557 490 93918
987 972 91704
216 217 96414
358 881 94404
556 604 49980
120 108 52510
365 254 49999
444 1000 26163
555 690 37596
644 412 86674
987 988 16752
22 23 72583
902 903 18224
794 692 50001
210 723 36119
364 365 6351
14 694 7238
908 392 80447
710 416 2515
990 679 66420
218 7 45894
120 121 44711
449 527 15881
796 493 33203
640 739 28303
211 643 58977
997 64 43657
641 642 15613
119 120 55857
642 643 96308
707 713 49980
556 524 22699
558 346 21768
990 778 90746
453 124 32931
706 795 90656
640 812 50030
904 644 50030
792 793 36841
366 209 42349
556 517 6464
707 708 94296
211 749 62475
113 673 27309
997 161 22676
450 394 11507
996 248 64238
363 492 36459
366 245 30935
119 151 29154
556 557 11344
641 704 87210
904 689 56565
710 471 89538
368 66 50014
903 769 61165
555 639 75781
551 995 63312
706 850 50001
640 804 95376
19 203 5417
708 675 27201
562 38 32865
21 22 24868
998 37 95840
997 127 75385
449 450 35951
988 933 6022
901 964 8753
561 259 66990
996 39 50347
561 270 49606
212 451 37718
714 155 19303
115 419 51180
906 419 87865
993 324 39850
802 108 21399
217 16 64220
708 709 62514
215 198 61857
907 339 73207
556 729 26696
562 196 91537
443 911 52030
116 344 16609
986 897 45586
985 986 46520
641 757 55526
794 769 35746
558 559 81493
709 622 62278
207 856 47052
21 195 7936
996 21 48277
18 471 50889
648 140 16340
23 24 72057
110 894 50014
903 716 49999
360 609 87406
986 925 14212
906 464 36740
901 902 68792
794 795 67782
905 548 46250
990 643 49989
900 878 50373
557 558 68654
563 27 82012
901 801 49999
800 219 45412
910 4 41812
363 364 18167
645 515 58826
448 449 16193
900 901 90055
713 327 8971
989 754 58650
216 122 72756
793 794 72169
649 112 2388
111 727 75235
794 709 41502
643 644 53721
215 216 95074
647 298 51973
903 653 43526
715 168 56894
646 392 59064
213 403 52879
117 211 25492
118 119 45935
908 213 62612
989 716 77513
709 710 25273
986 987 87457
897 621 62660
554 555 64769
213 214 43854
706 24 59123
210 482 48782
212 305 73185
701 466 80953
130 20 42048
991 852 92150
552 725 49999
18 89 58883
706 14 83443
695 982 99408
795 819 5209
354 995 12635
998 228 52214
648 785 13427
556 366 57425
903 63 16997
549 974 75449
129 86 41633
361 362 76739
797 633 50029
699 622 80378
460 292 50022
213 190 53510
903 64 20463
554 524 10019
650 651 60979
361 354 25512
698 699 56487
462 172 97140
128 159 50007
697 780 91343
993 698 51384
552 683 82158
126 329 50029
120 859 94753
646 994 54460
19 20 34583
17 198 68458
120 852 38669
893 925 14180
8 925 12593
362 363 90776
459 333 58597
358 715 80616
997 386 94158
699 701 50456
126 303 44832
699 700 1135
128 129 5491
128 115 27103
799 400 62089
18 19 21116
127 208 47472
549 920 71147
893 894 71415
990 997 57229
360 519 49989
696 951 31640
794 837 7222
798 481 60569
14 368 56218
10 725 16595
553 554 32360
902 88 49975
990 991 84938
1000 101 39732
895 709 50022
698 766 6557
211 491 86336
462 108 59285
654 363 49689
459 373 90372
363 245 85482
458 459 92018
1000 157 85492
214 215 4708
795 796 83490
702 404 90816
897 514 82285
126 273 42497
999 239 92724
558 93 59230
452 984 71079
11 673 50029
357 760 71712
652 517 5962
649 781 43662
896 590 79720
994 458 39309
654 384 44567
206 707 63025
651 652 65760
204 880 49980
453 802 27359
120 779 82197
804 163 50007
697 951 2689
459 248 49200
700 655 50030
361 240 88310
19 114 50022
805 57 92141
901 119 49998
988 989 59002
799 629 21229
119 834 62116
704 285 52970
555 556 31449
212 213 86010
127 128 15364
656 244 28344
354 855 30476
454 753 43735
555 539 72844
124 374 22703
457 458 4145
998 120 50001
353 920 16219
118 903 51422
996 300 50015
123 456 50015
797 798 76203
353 922 74998
990 841 47261
557 372 98742
894 714 78985
892 893 48335
205 855 42137
126 176 92730
210 413 85293
460 114 58606
210 415 50029
999 91 1599
702 572 49980
362 233 39847
996 353 46076
121 630 50030
356 749 64878
456 457 12617
702 546 50022
453 724 55661
706 185 99557
797 694 83194
994 519 26854
796 797 63763
454 643 34137
460 109 54639
898 321 25359
993 602 18902
803 169 35059
990 922 73836
893 751 50022
20 21 7626
555 499 76395
459 241 52317
701 603 26736
360 361 10691
126 127 17002
653 555 82891
998 182 91236
360 355 40688
706 166 69230
123 402 35485
652 653 82883
802 293 4280
552 752 9126
557 306 86833
700 701 79002
989 990 42357
357 630 50015
994 547 89411
210 438 4189
701 702 78741
204 750 50030
208 393 49980
210 211 95394
551 552 55329
127 12 93317
798 799 57534
900 590 32176
205 674 88765
353 849 31986
555 213 99589
16 17 22101
203 847 89804
645 798 7197
556 111 20317
357 483 21295
647 648 92953
207 504 5032
125 157 3391
450 955 49989
654 17 89644
995 774 29160
116 979 94297
649 483 92805
116 981 95919
998 531 60155
13 321 88713
358 359 20220
10 584 84974
458 263 55956
353 809 5623
650 416 22857
803 303 34874
359 360 40330
555 133 50026
125 126 85972
7 744 17257
451 776 93169
118 765 10419
453 616 3261
121 505 61059
800 579 99563
896 897 59802
122 402 9601
993 994 14829
550 583 52400
455 456 13456
120 541 50026
356 594 18714
895 941 39186
210 312 14505
900 495 49984
549 626 55802
120 536 57399
211 212 91595
210 301 77653
359 318 50026
549 649 41609
649 539 55822
903 236 92192
550 551 21605
702 733 50001
808 37 21927
904 103 98768
903 192 55697
648 649 30048
998 351 49999
705 479 74919
14 312 78024
710 36 14371
209 185 22174
454 455 38606
8 856 50026
646 848 71843
999 279 72064
352 804 4603
904 125 85764
357 358 73243
991 992 90623
204 633 50026
350 986 87266
649 582 13166
702 703 65162
807 163 35836
707 261 19095
13 425 69999
552 553 26692
124 125 9769
996 570 50001
457 220 50015
800 801 38494
209 210 66156
650 519 11267
117 752 56129
360 59 84952
454 496 48197
123 231 8482
799 898 41712
895 896 16916
548 934 50022
701 891 6566
15 153 82795
654 187 45969
455 295 20437
897 667 66476
14 251 67898
995 683 44108
457 115 20496
7 882 51735
997 513 73870
799 800 6071
895 865 69751
353 782 91404
119 548 63216
9 711 50029
653 298 8851
547 935 75717
894 895 66170
650 562 44260
204 707 60654
649 650 78084
647 841 51316
895 816 300
995 717 20685
548 848 58098
17 18 64272
992 993 71505
646 939 78038
355 566 80747
703 704 94861
454 436 50026
995 733 74207
894 919 17892
803 475 49980
808 28 97181
203 687 3758
802 684 68667
459 872 79442
31 440 68382
984 42 49980
977 666 49381
978 578 5053
458 970 27118
983 136 33295
108 344 49984
547 548 97789
716 678 99133
886 976 45402
800 853 2866
981 299 65661
887 888 21445
809 56 1567
545 734 49984
381 162 86356
208 209 74745
897 40 78917
379 380 90538
887 931 45096
802 654 33151
110 192 68453
111 112 38450
640 36 77996
982 192 49999
633 634 9543
35 36 5574
105 623 77731
550 312 46503
974 877 82954
467 116 50026
30 480 26278
202 736 2824
973 974 61808
199 997 95766
716 717 3541
722 183 50015
381 195 50026
104 715 25976
806 290 57490
715 716 55073
981 241 94790
548 549 57856
982 163 77084
978 520 82352
548 546 46442
378 379 56818
721 187 10206
637 272 80272
808 222 27121
209 69 30657
110 212 43657
638 157 28204
468 120 96414
629 970 97791
111 130 49975
207 258 10168
636 323 3002
464 465 24649
463 548 67769
28 742 17706
801 802 56711
373 854 50007
36 37 23313
460 826 71450
888 889 17371
803 613 2984
633 572 37615
975 724 88280
554 32 17408
209 46 80253
207 208 22295
725 28 54615
37 38 80292
716 829 3518
720 460 87484
553 154 993
633 811 12002
638 371 50029
105 475 71783
635 636 14557
981 181 65608
27 920 58618
201 729 49951
717 718 49696
380 122 50026
802 803 49758
718 634 91732
972 973 33130
885 940 49989
109 110 96922
462 463 98935
372 826 49989
26 998 29473
377 378 81339
29 729 7452
549 550 8364
804 610 85945
641 78 51334
981 157 58374
35 185 86607
885 987 36339
980 233 68324
886 887 22725
803 689 49999
100 952 81522
205 343 40333
28 800 31542
462 439 77104
204 423 65557
36 81 7445
890 526 42501
545 884 49989
973 844 71707
719 571 84399
464 258 54047
463 464 37150
461 641 49984
30 732 16683
896 35 49984
808 349 41098
896 34 33081
203 489 74088
206 226 56419
972 908 49984
206 216 27734
465 268 75027
464 358 50007
104 626 49999
101 890 16881
802 867 50014
973 817 72223
206 207 9084
979 277 5091
467 83 90511
802 860 81876
100 972 50578
463 432 99163
205 291 16182
36 165 359
634 635 1787
721 344 69531
971 972 87821
810 132 17940
464 327 89399
633 711 49980
33 410 39334
714 957 50030
464 325 97962
110 111 51779
719 501 95307
896 44 45458
372 700 60797
899 70 53290
459 606 71992
809 307 59124
803 845 37307
28 452 33311
978 826 32698
27 536 8739
890 891 26165
369 990 16375
985 214 2615
719 694 53133
542 766 95397
803 804 67399
376 377 40599
22 936 49999
457 752 34460
463 217 54889
108 109 82535
380 23 2705
810 188 49975
630 660 43024
205 206 18480
375 479 93510
725 177 10370
635 223 1264
463 234 59708
976 977 96559
632 487 76040
811 112 48760
197 936 93185
543 706 20203
719 720 2479
103 567 97799
897 303 46925
549 171 41113
981 483 66969
894 578 9897
29 411 33885
977 836 22956
32 144 197
541 889 15045
204 261 41992
550 97 50029
375 376 66563
101 761 6006
636 88 6090
105 410 41217
458 776 41960
545 546 31314
630 631 44364
31 252 738
465 161 49975
29 437 49980
985 147 49980
109 73 52211
102 693 51912
718 719 89699
109 74 88443
802 965 49980
461 462 1931
891 892 22297
33 34 32566
31 219 65380
108 179 38172
550 133 50029
636 78 12122
804 805 46666
457 834 94382
26 749 37530
204 205 28146
542 872 32858
543 785 69745
372 580 56412
34 35 60678
632 633 74888
631 740 77691
805 806 50839
982 355 43374
547 446 28900
975 976 58251
456 769 87127
375 317 63021
204 212 95393
720 721 72891
894 403 88297
546 547 89945
102 513 39455
985 40 85617
809 396 59153
456 712 65837
807 596 49999
197 806 72203
725 302 67063
809 410 99486
979 576 45798
459 460 26271
107 97 26844
460 461 6851
370 695 60135
197 762 50334
97 993 1807
543 846 72274
101 622 50029
203 218 50026
974 975 68001
548 392 32969
889 890 37005
982 262 74447
804 965 28959
205 66 44804
98 920 86184
375 257 92397
805 867 67355
982 280 90353
721 564 78221
107 108 97683
638 47 13696
896 283 99846
631 632 11295
105 307 14936
721 586 49998
638 5 80073
26 771 21630
898 126 96408
100 743 49482
106 209 11041
718 851 77990
203 189 52362
202 297 38223
34 85 22962
374 375 15013
108 53 50007
632 547 46395
203 204 15207
115 256 19908
806 807 65000
639 640 36250
113 446 81443
469 470 43967
20 886 68299
891 65 13922
194 926 47564
985 410 31385
886 499 48327
538 878 99945
26 330 56294
711 648 32950
716 203 8964
984 553 6819
710 711 20755
203 173 50022
717 95 50026
638 760 61934
373 374 9478
205 3 83852
979 980 48888
710 707 19107
643 299 34118
202 253 51823
989 8 1759
24 583 20768
468 617 97619
366 969 47915
108 953 84051
989 19 17254
888 373 80464
638 639 26093
883 816 78541
884 727 92378
713 401 67836
30 31 45826
23 664 24454
978 979 60628
203 71 73254
980 799 70384
807 778 67674
641 382 71278
373 330 56124
888 384 66181
543 499 95925
470 471 30824
708 823 24889
467 739 31109
197 645 90367
988 128 46703
113 470 50015
712 472 72270
981 754 92944
809 641 36378
984 489 88348
546 206 38925
887 451 54294
204 30 28165
118 33 72758
202 203 10499
117 118 2567
882 904 65185
644 137 67651
542 543 43320
545 277 98241
987 200 30339
979 914 90908
196 715 43735
543 460 43357
198 546 49989
882 883 76520
807 808 80306
197 632 49999
366 923 82884
986 304 10512
548 134 28576
372 373 84550
31 32 13254
549 40 28312
116 54 66165
373 274 97101
546 303 18928
540 838 3162
637 941 1486
110 578 31486
979 833 55656
717 244 57045
814 219 45277
541 740 34599
463 867 20808
890 6 30389
115 116 23508
369 609 16202
367 786 73818
468 469 40630
807 889 39384
543 544 74557
202 138 50030
978 967 55129
889 83 49975
29 245 90203
879 969 5200
549 5 33487
880 881 28242
639 788 10794
27 413 25496
106 895 19677
203 36 66199
201 202 82733
717 199 65445
719 20 62140
368 667 89429
639 773 69534
881 773 3883
465 763 93551
109 741 29429
109 740 63264
116 117 21675
881 882 11244
473 47 55799
115 195 60133
544 545 45225
714 453 94000
24 705 80605
28 349 19804
640 599 26306
711 712 14505
644 245 84032
111 537 47121
196 556 65417
200 201 86067
371 372 26349
808 809 45433
116 85 62814
548 165 28099
808 864 54304
32 33 38630
977 978 5328
811 586 3432
547 246 85765
640 641 70624
882 765 26268
547 233 9447
987 82 36048
198 415 24348
463 950 62511
27 461 29655
116 60 50030
714 407 65884
107 857 67497
815 248 31530
634 805 50015
369 486 34279
713 714 95375
889 475 8125
815 247 98114
111 351 20341
636 637 68747
811 608 70149
466 467 90241
815 254 79762
809 788 49989
884 940 29602
633 911 69704
23 349 80775
539 540 57289
985 682 50026
634 832 18830
807 984 7953
885 854 78152
196 518 56725
817 92 70919
537 671 1548
711 867 72534
471 51 49842
107 669 69329
809 810 97828
194 706 13259
984 799 42000
894 9 50299
373 102 97817
370 371 22521
633 943 14835
982 983 25573
27 28 68469
988 448 48821
720 89 50015
535 870 31213
985 609 51344
810 761 50030
636 570 11065
364 877 7334
982 891 98866
981 982 66127
537 788 94172
462 905 20467
810 783 50007
463 820 53354
712 713 76385
467 468 2512
713 622 22427
199 200 46465
467 477 91050
114 115 16861
541 395 6710
197 382 24798
106 835 49975
639 346 91360
810 811 78092
885 886 43923
18 904 50015
544 137 17807
111 222 49999
991 16 50007
367 544 83063
463 609 13087
28 29 61335
543 301 24787
817 204 59681
890 268 22336
883 884 37022
891 171 79066
891 197 59804
889 374 75575
25 306 49980
28 40 50001
717 512 50937
468 176 50701
198 199 31323
985 561 92300
882 991 7014
883 902 12659
883 896 76081
364 816 93583
369 370 49808
987 406 16626
986 495 12446
636 796 34280
367 514 49975
713 823 84971
540 541 64615
19 858 49984
24 416 46887
113 15 32442
712 906 8742
986 485 57347
465 451 8479
536 885 50015
539 618 4536
369 351 75803
465 476 47363
721 123 15283
638 626 80158
535 993 13759
637 715 80948
470 22 58879
465 466 11208
890 242 17120
23 514 81250
468 202 77730
18 960 83923
112 113 23578
891 243 84524
541 542 67802
112 195 44965
640 333 26470
541 535 50007
362 939 61819
714 715 97170
721 93 12807
810 911 68663
884 885 60994
637 627 2151
545 196 38572
717 439 41938
717 440 26247
197 226 37187
811 812 76238
113 114 88169
637 638 15644
111 258 79769
885 742 50026
469 170 79859
892 126 54210
29 30 4997
29 32 60784
105 789 68307
714 660 1190
111 250 18407
890 290 38320
25 380 3659
717 414 6614
113 96 8009
812 766 58315
980 981 69683
715 599 77327
463 710 83661
368 369 69526
82 923 75558
775 435 70420
187 188 89934
277 787 49984
276 881 69175
571 869 37129
82 936 79322
494 135 97874
490 491 88709
290 692 92463
964 832 15945
82 934 50022
771 772 59939
693 2 50015
277 767 19246
381 282 18076
574 575 60281
878 879 35268
575 485 18719
288 843 31667
92 26 26479
380 381 33609
877 978 49998
684 809 12261
685 699 52642
690 253 13605
283 284 76058
690 252 37823
294 295 6451
181 693 21471
571 901 32018
579 185 78382
290 658 80216
85 701 40605
275 980 49989
972 128 32779
776 369 49984
573 708 22673
878 855 61485
685 686 48050
773 547 9162
685 797 49984
291 666 78123
285 149 13234
281 503 71136
376 687 42664
575 576 18922
686 687 64740
489 490 66852
963 964 56464
777 176 87354
297 111 30345
687 605 53783
572 826 71096
84 678 79620
290 738 49999
182 560 66885
295 296 39931
89 227 65199
91 92 15146
490 387 87542
770 841 53015
771 758 97307
494 33 76417
374 894 81635
84 726 92760
580 166 16038
186 187 80782
963 995 90918
183 433 97834
578 320 53688
684 839 95699
81 976 85812
877 878 31053
296 175 87063
491 295 28937
90 91 38121
965 874 50015
80 979 28158
89 179 3008
964 965 6158
280 657 9231
775 309 18697
971 339 31064
485 805 11862
295 370 49975
966 776 18137
881 757 62962
88 264 2378
187 306 40257
683 772 54786
684 685 86166
685 591 97927
284 285 19646
279 730 22284
880 827 60403
378 733 12845
974 107 30669
81 924 48224
292 608 96558
888 107 3138
382 375 49984
375 995 57849
884 457 6127
689 210 33627
277 948 60690
375 986 71645
770 771 30394
573 574 81822
689 203 67420
188 189 37334
684 648 19162
570 843 50001
569 927 97717
484 844 58571
488 489 4348
378 707 59883
185 448 2019
90 29 60314
879 880 16214
769 770 33395
493 28 99825
775 242 90855
773 407 2088
180 870 50015
283 439 49975
884 419 60910
974 122 1387
776 132 12173
965 911 97212
484 808 58776
297 239 49984
89 90 75336
379 576 21505
490 267 98319
965 966 6941
189 46 50007
878 927 63475
570 914 49699
482 971 69032
777 97 37929
382 305 50015
381 382 31579
968 685 50015
884 386 13187
285 286 54658
975 54 72124
768 882 96878
770 703 75878
376 825 6810
296 297 16401
94 95 97813
290 922 50007
497 98 97101
297 298 43430
496 188 49999
85 905 23646
498 17 48390
967 292 75916
89 555 26639
882 286 21744
88 648 84719
577 578 24655
383 384 39082
382 470 40388
885 23 69034
293 628 94638
768 817 50014
965 500 18522
494 335 90015
884 55 64948
679 969 73147
383 401 84007
681 793 50015
687 259 56115
688 166 97727
875 876 17597
960 961 34179
298 198 18131
876 783 49975
384 318 16545
291 826 50014
294 559 52106
380 682 6916
687 342 73413
878 559 35326
289 25 49989
382 383 75762
286 287 29156
766 904 30688
300 105 47651
880 387 30274
284 471 17177
686 444 8034
189 190 12383
84 929 21507
492 493 47163
683 718 5765
87 671 50026
298 295 36450
385 138 49989
490 681 49984
298 299 90728
689 191 12534
691 12 76985
187 335 80281
86 779 68398
378 770 52901
578 579 63178
295 519 46156
772 400 39266
189 163 47309
297 339 49999
296 433 54940
385 158 1331
93 169 79414
683 684 19714
768 769 39521
493 384 51201
289 78 19618
775 153 49989
969 233 36379
963 767 34474
187 560 1775
962 869 24309
683 517 49656
84 868 28690
574 709 84369
771 393 10409
92 143 49980
961 946 81157
681 682 4087
767 768 58562
686 266 21976
298 362 91378
88 528 75469
287 288 23213
285 468 49989
496 82 50030
87 609 50095
378 948 39013
961 962 48328
378 975 92363
184 797 35241
494 220 52740
281 834 51432
93 94 5814
492 394 88080
964 720 20149
297 401 64658
572 917 34968
387 190 5758
772 358 80305
772 351 59307
298 332 73199
574 758 63946
191 192 37953
876 921 39914
681 670 84602
576 577 6509
491 492 41725
290 48 34891
89 464 52049
85 819 2894
578 394 65553
878 735 64889
765 865 43005
885 70 50026
382 519 43264
92 93 64230
769 513 62433
876 877 68421
574 779 28930
766 767 59409
882 329 42735
686 306 50015
682 683 16361
493 287 54553
772 258 6976
299 338 48809
875 981 60444
85 723 34707
965 671 34392
495 63 84666
388 15 7204
281 902 24977
962 963 86589
875 933 39574
295 637 50014
190 191 77726
488 682 7196
773 178 50029
301 107 55203
878 684 88251
288 289 23958
774 103 13790
689 21 32740
184 742 31163
971 173 17690
774 106 60752
384 385 89961
494 161 49975
299 300 56013
877 445 49984
86 87 10257
191 321 54986
979 47 16730
484 485 55965
283 745 78203
777 778 26018
872 873 13883
583 324 91510
83 350 67618
386 387 42287
484 467 81400
383 656 20936
968 981 39621
281 970 13561
380 895 50022
82 413 2991
84 244 98101
580 581 78053
277 278 41906
383 618 18780
873 814 44171
968 969 8955
876 552 2843
77 853 6422
388 176 84675
194 67 57790
79 671 78600
86 24 99930
278 279 93677
289 290 98679
480 763 21568
587 43 3399
389 74 97894
185 790 63976
581 582 15081
584 318 26625
680 681 66666
483 484 15970
969 970 47815
286 554 82651
778 637 24326
83 283 14781
578 840 50026
284 771 31928
192 193 48372
280 74 56008
385 386 70172
81 438 50001
584 290 74792
687 115 32611
85 86 40679
784 89 20019
881 58 38109
581 552 63996
272 794 50030
677 979 25839
776 777 73444
276 411 50029
577 897 49989
193 91 89048
970 971 99012
677 777 14316
78 677 28876
285 723 49989
678 679 284
286 624 50029
485 257 8215
576 833 44424
478 869 6166
480 693 8763
582 287 68972
288 429 25251
286 608 79534
389 243 55496
972 771 53160
773 998 50029
775 821 8696
874 875 92597
276 498 49989
84 113 47140
80 467 36452
582 274 98920
976 396 97414
686 3 23899
290 291 91879
775 805 6908
195 106 57625
194 195 23528
477 984 71301
387 388 36029
281 26 58920
576 784 20111
84 85 86397
193 194 63482
980 139 84331
75 875 50001
683 301 78093
774 872 77156
881 147 12420
191 364 31052
775 778 91200
877 501 99869
385 544 79255
775 776 61168
580 523 50029
284 847 62381
972 832 32567
286 672 78275
978 294 44407
194 146 66155
977 381 14135
185 951 49989
882 96 98119
74 930 36878
479 757 46255
381 868 70148
679 680 58620
678 766 50030
486 127 12933
482 483 74476
279 280 85635
273 805 50029
579 580 85767
873 874 53534
580 487 698
388 458 90485
390 279 65799
280 281 19582
680 356 50007
873 524 16190
195 196 91525
291 292 93
279 378 70531
293 119 35431
774 801 71305
583 584 57600
680 372 13015
391 204 84988
294 47 93468
392 125 61992
389 390 82168
197 50 96049
492 34 60086
88 115 83643
875 382 23292
83 563 49980
586 281 82117
189 773 22990
487 488 24062
588 110 82798
774 775 97893
586 291 28738
869 932 84536
968 734 55171
674 947 857
677 678 54326
81 768 95081
290 437 41604
584 480 57755
193 428 21796
586 303 49984
88 89 99165
3 4 91518
680 422 12169
186 940 50026
580 914 82017
971 546 9422
293 196 84567
586 390 16511
83 544 568
680 435 99611
486 487 93669
585 476 68192
292 293 80503
81 731 66944
970 651 40551
778 343 78311
781 70 86626
588 162 2772
290 475 50015
685 21 61854
286 838 17710
975 171 67529
966 967 59081
584 534 82119
385 644 90643
772 901 13994
388 389 95346
779 276 8560
869 870 55012
577 989 15999
975 254 40407
967 968 44588
579 813 5120
85 293 67608
587 90 50029
967 958 44965
780 129 64604
874 565 65191
291 422 1204
675 676 98569
773 774 30326
189 883 74596
285 981 12131
677 522 14769
86 222 49989
873 667 1553
196 253 9353
1 9 50022
274 958 50015
1 2 13160
87 88 36029
779 193 34492
296 13 41088
875 513 49998
289 638 75103
776 465 54992
485 538 43959
871 872 48599
679 360 50007
282 197 55305
86 169 37466
772 808 49800
584 326 22524
296 5 89712
281 282 77843
771 901 56677
773 723 61983
586 151 50026
587 81 16740
293 294 22171
386 755 84789
293 298 97043
197 198 87328
780 124 73108
972 507 57403
189 909 24595
276 749 60134
390 391 29021
195 266 50029
292 400 29448
78 848 60184
291 485 27713
674 826 49980
283 226 71607
282 314 96428
676 677 33365
189 821 96015
196 197 3393
194 374 47767
387 630 50014
283 217 73245
392 184 7235
194 362 23008
586 259 50022
872 692 89855
870 871 62106
683 71 45789
582 577 18493
2 3 33653
291 520 87837
967 993 58699
489 112 37981
778 211 49984
292 424 27854
967 991 83262
772 773 58073
969 840 85765
773 682 44183
282 283 87640
485 486 67539
78 842 19557
969 834 326
295 182 93766
673 968 17931
675 788 79839
871 816 76338
673 967 50007
582 583 1974
483 27 94006
175 176 72368
272 273 94268
871 432 49975
102 103 69480
169 698 48479
866 867 40291
566 338 38074
168 778 47411
170 600 85015
958 384 84880
782 752 78836
790 40 89604
871 417 87348
472 986 56597
787 310 7953
266 846 1590
955 710 81350
867 766 37421
563 652 8303
564 565 6464
565 464 58477
103 45 39139
955 703 1157
6 7 83023
96 669 56291
955 689 46071
306 307 41526
391 392 59643
699 532 36817
564 549 3163
568 193 70479
390 484 22689
874 125 948
782 783 87721
566 358 43926
869 559 38003
697 698 52081
700 437 54982
952 953 27154
177 64 70199
480 349 50635
304 462 82324
703 144 41053
951 952 97219
786 472 67025
299 899 50014
269 469 18434
480 342 24018
388 688 11993
952 861 43048
868 747 24354
868 743 83981
303 533 18255
957 468 85293
96 740 82468
870 561 20156
783 784 90150
953 816 50029
876 21 15044
307 164 36809
168 819 45433
698 566 6962
788 332 43109
3 210 20048
273 153 27356
958 364 17309
102 191 1358
3 203 33611
103 104 16051
168 817 87829
563 564 10569
481 215 16914
478 479 95317
175 186 57672
92 863 61514
566 218 50001
870 654 93695
783 556 13557
3 186 66526
560 762 89001
308 309 80067
5 6 86916
953 954 96565
392 393 67344
306 461 15414
703 74 33319
696 697 12950
562 563 97495
874 283 64403
477 421 22297
563 476 24607
267 877 56990
176 177 52944
310 92 71970
101 97 3999
101 102 35469
308 277 59396
699 395 11325
475 557 1256
176 156 49975
780 837 1862
961 278 83383
867 868 6993
100 170 50007
272 414 57025
564 420 46532
310 82 50007
476 477 9315
275 66 87179
98 396 46979
177 178 21793
784 530 63602
301 857 60958
268 697 18524
480 227 32638
481 120 81705
309 130 40973
307 308 32568
871 610 83225
94 740 76857
170 791 70156
955 713 93506
305 492 49989
781 782 71458
779 960 39452
697 549 68969
477 478 47877
567 96 18197
962 143 64688
273 274 64289
307 295 79000
957 585 86471
697 523 57931
168 956 6062
868 869 2493
4 5 57200
393 394 39237
273 263 50001
877 38 30471
790 18 76229
700 251 23713
695 696 68162
397 49 94643
481 444 24233
394 347 36633
476 891 9010
396 174 49998
865 702 2937
270 695 17878
302 942 6473
692 921 49984
302 944 7552
9 16 7841
9 10 65466
783 411 19655
779 765 72342
482 370 45357
179 77 49999
949 950 36917
701 143 72173
787 79 94004
779 780 58275
98 715 22898
866 582 28583
308 389 99088
952 706 50022
565 704 80466
869 305 54776
959 71 50029
275 276 86149
97 820 23597
173 552 73013
105 106 48669
174 491 22700
394 395 31695
309 310 77942
863 864 98781
271 649 65840
569 369 21400
781 660 59256
275 187 27379
274 275 96661
398 53 49980
701 65 26980
394 412 1597
692 862 50026
1 661 49954
389 852 50452
696 530 68304
870 340 20632
873 70 81691
864 865 24086
782 580 50014
272 460 32273
864 861 2698
694 695 61882
102 428 82494
392 626 79372
178 179 36648
780 781 26188
692 832 23096
778 955 49989
277 43 26940
392 618 88309
958 98 5483
173 616 60945
8 9 35689
696 496 95079
272 501 76601
96 997 81770
391 731 5364
106 107 68788
567 488 50026
784 436 35003
305 605 4038
3 478 54911
311 69 67474
276 137 61070
478 755 81766
99 721 76372
949 917 76139
180 8 49989
566 567 17026
107 14 80675
481 482 26374
176 447 7271
179 180 64571
275 372 32210
782 365 85965
864 911 61282
273 549 87075
273 558 50015
394 474 78974
866 737 37771
170 988 60891
476 767 12313
4 349 45062
482 235 9086
395 396 5440
477 683 78730
698 280 66366
1 612 27754
484 63 81973
565 566 32441
309 471 94064
475 865 76372
393 578 95426
6 174 1201
953 727 63766
566 488 2625
785 130 70911
783 308 65902
5 211 73569
96 784 34006
277 223 63344
279 56 50014
478 550 847
477 638 79483
475 816 46466
693 685 65684
3 406 64384
396 335 47314
870 363 15857
693 694 23340
778 779 26288
177 351 57400
562 866 23390
479 480 90965
569 129 51771
390 885 49007
871 350 80593
278 41 34842
104 105 88810
7 8 52980
305 748 17220
312 126 55387
179 257 87014
690 928 19019
304 850 2604
480 481 37143
478 659 49998
398 190 71982
396 370 46381
271 683 98323
310 311 75696
874 108 48798
398 200 49984
180 181 76038
6 55 50001
181 33 18033
174 654 49999
311 177 35059
776 996 32752
3 326 50029
396 397 73856
562 788 66006
950 943 49999
176 488 13802
565 518 34652
698 183 11269
568 263 57527
865 866 96645
569 170 24353
950 951 58472
6 83 83953
279 11 94832
956 424 61981
276 277 86693
788 789 83199
260 864 81585
786 964 15998
477 14 98258
294 874 95320
174 735 43997
95 246 7381
796 65 33882
691 736 24790
303 65 16379
571 436 50030
396 460 25428
860 861 1844
794 240 21308
795 151 41062
8 334 97256
964 402 25948
269 50 65409
794 233 82188
790 590 54162
397 362 50007
10 147 49975
300 325 1878
180 189 13543
964 391 23075
692 693 14015
692 688 86711
87 939 50026
394 620 49989
266 301 80329
177 510 33382
9 294 74312
469 758 75268
690 864 88988
475 216 57888
960 730 21226
12 13 24489
472 473 59706
963 455 50026
961 633 46882
95 197 73694
569 570 90109
302 102 45324
181 182 55750
967 91 49980
93 494 53108
266 267 95112
96 229 56441
575 34 74135
293 894 7683
863 662 5061
571 376 2002
11 12 93652
574 111 15853
698 56 44949
957 958 33174
868 211 80645
787 925 85168
570 451 63307
570 453 48082
957 956 46241
688 927 14352
565 900 42838
7 411 54357
7 408 76731
865 526 54338
263 503 11450
573 179 50015
94 372 73609
179 391 33710
180 299 83702
97 103 90146
568 611 95796
688 975 64333
1 930 31877
698 87 82155
97 98 49705
861 862 21584
478 5 78752
469 806 55678
697 164 89712
397 398 3378
865 508 50007
300 301 14999
870 65 50007
182 110 49984
958 843 67048
88 892 41847
93 445 21604
957 920 57848
691 692 15997
472 538 49999
175 724 87431
962 720 66756
2 748 64946
790 469 76328
261 900 49999
864 649 62932
295 919 50014
787 727 39375
860 979 44743
565 836 32603
568 569 35605
790 457 7957
565 831 23425
86 905 79437
398 399 31174
299 539 50007
180 319 49989
173 942 26779
294 994 81306
6 384 49984
690 691 6827
790 463 68710
268 269 97352
571 307 87084
959 973 74971
182 183 69621
393 840 69917
959 960 39249
398 395 50030
784 985 11755
688 921 93006
469 632 17944
95 96 46636
91 426 50014
305 38 75115
302 303 67972
174 883 49975
693 447 98143
302 304 91975
260 942 37017
467 799 29555
1 858 12654
90 521 16777
786 787 8702
297 667 4285
963 563 24989
566 693 65875
96 97 92629
6 338 19716
399 400 78012
89 725 76784
862 863 69214
475 107 50022
402 108 81113
959 901 81350
267 281 49989
403 22 51575
787 788 17982
301 302 86329
571 241 50007
175 834 23644
787 793 10654
573 64 50898
691 543 30753
296 751 33619
471 472 41500
468 742 53826
864 734 50001
267 268 63076
397 534 76065
963 530 16063
174 972 60040
268 190 73469
687 941 21992
270 11 15336
265 454 31508
10 11 53808
8 187 80524
695 234 50014
961 720 50030
564 826 8099
468 762 77511
573 24 47882
958 959 88124
304 60 89990
2 701 77588
268 161 77328
789 578 18401
8 163 12602
90 592 73270
963 521 14262
259 970 80393
567 568 88458
266 346 51988
7 676 97392
4 944 2984
958 677 76862
183 184 29120
269 306 16981
297 849 50782
478 163 71034
695 113 58315
90 929 95165
964 135 59125
857 858 76639
575 355 21275
14 64 94860
955 956 50798
963 244 99101
858 790 32097
175 900 50015
298 773 98304
785 786 5618
175 904 93015
306 58 58196
269 270 63236
572 573 82456
306 84 50029
272 10 24880
689 678 49999
578 31 49989
575 298 32414
99 100 46137
686 941 14236
95 476 169
182 319 4866
571 672 16626
15 16 11569
858 825 30966
792 139 3860
475 476 96185
687 874 32142
266 547 48510
475 472 79423
694 246 49998
689 690 30502
399 511 72219
473 676 89669
13 83 86324
792 224 21989
786 758 82408
789 492 34419
397 683 73542
858 859 64808
395 884 50816
297 806 49984
403 173 60403
302 362 8891
862 493 14015
472 775 26142
688 689 40441
695 66 18267
95 528 88454
789 457 78337
266 479 27010
470 977 50014
400 393 93870
688 701 47565
180 541 4559
184 185 30884
14 15 28620
954 955 72958
298 747 24305
100 101 74818
859 801 28796
303 304 86140
303 305 50022
262 848 71452
790 375 4134
179 646 87521
471 894 46689
400 401 73908
693 163 61238
299 799 28970
567 914 21471
858 903 81185
177 834 29230
89 890 62731
692 249 81817
473 474 67882
691 338 66684
98 99 30694
268 519 10682
13 14 63037
178 759 13946
181 490 8105
13 18 15875
571 572 13699
298 902 80303
858 913 50030
401 402 13536
478 59 69300
395 951 24789
99 26 81472
571 581 21823
685 894 13929
181 506 58322
271 272 19705
790 171 17905
785 615 68138
961 503 49930
273 37 81206
866 218 21121
956 957 69166
866 232 35313
956 953 86546
684 1000 97409
569 708 39710
404 108 37848
572 453 90147
859 860 21534
305 306 31285
576 104 86086
964 260 50015
301 553 49989
270 271 68473
479 10 1214
264 806 7345
185 186 91094
181 543 48725
181 556 88469
298 832 66172
785 718 20318
269 366 88569
959 660 11800
304 305 94718
305 215 50007
187 24 20371
474 475 89512
694 31 25605
692 210 67241
397 837 677
398 748 67993
692 217 94521
186 134 85985
298 852 50007
570 549 71340
867 197 50022
865 381 89149
97 218 72157
301 598 50022
784 785 84591
869 34 22650
473 595 70907
5 716 88208
184 338 26787
570 571 79302
306 166 17324
687 688 36350
64 340 44376
941 942 35150
400 774 73272
510 614 11065
163 387 22375
61 599 66627
58 872 50173
666 225 50026
62 513 42479
753 196 86287
67 68 41342
63 424 84527
398 971 70507
254 917 50022
516 96 78047
859 674 96620
747 748 4912
158 848 68937
511 532 55380
262 223 84456
314 688 99162
61 644 88839
861 442 91519
159 714 92077
318 319 85954
511 512 87293
596 597 50964
164 294 98627
315 611 34067
661 662 62063
515 155 38825
950 187 13848
64 382 14610
314 780 21304
58 815 12272
258 613 80754
65 190 28005
865 64 89807
947 478 4148
660 837 50015
404 349 90001
942 915 55525
856 857 16324
944 758 84355
317 532 13545
57 915 32830
165 166 88372
594 796 80734
662 663 95520
747 682 27401
669 41 56595
592 977 42944
262 263 81156
942 931 75128
749 529 18028
669 1 3814
752 261 40978
57 933 49975
942 943 14224
321 114 50029
509 599 66338
255 906 30129
510 511 34957
662 618 37945
315 655 50022
951 145 53973
514 177 3002
598 479 50007
663 554 28596
319 320 79204
62 503 31725
667 196 12506
59 770 54213
404 405 41171
944 791 93502
59 765 10266
403 480 21640
399 839 75818
864 130 89606
59 907 31658
596 670 47785
665 442 44187
316 400 50015
662 712 48518
599 397 31034
669 89 50007
165 89 14658
511 658 49984
855 891 8047
517 122 15889
598 498 50029
746 955 38339
317 318 27427
68 121 37646
68 120 47364
156 899 79941
943 647 58311
257 519 50026
262 77 66403
260 261 19014
597 598 22953
755 170 41550
661 772 50026
940 934 50007
403 404 44056
667 246 75910
65 410 77664
940 941 65778
855 856 8873
407 55 10983
855 853 26922
855 852 20368
253 903 51572
69 70 34315
508 909 50015
660 880 11693
164 165 83460
164 110 50022
664 597 23131
314 642 55520
666 422 3256
406 47 44297
402 403 56228
665 517 39731
158 649 49984
670 78 50571
746 897 27182
261 227 49984
854 921 81482
512 513 73400
68 69 52758
254 857 98510
514 343 10035
855 843 38344
163 164 93608
600 408 67932
157 696 82824
594 944 80005
941 913 82617
859 434 93938
756 31 5068
748 749 85254
398 793 60082
509 739 67457
749 658 40498
663 664 3593
320 89 27145
405 175 50022
513 389 58307
604 65 45445
598 599 48280
665 497 48773
259 444 7515
594 961 16784
516 129 49984
261 262 80784
311 905 50015
261 265 35563
264 283 96993
513 625 31347
317 715 31505
70 71 15568
161 839 44813
854 855 60919
658 697 67220
264 281 16717
603 187 50026
749 311 72242
407 408 76576
750 219 53506
655 960 74074
662 336 19533
404 671 30694
514 515 64987
744 745 74824
410 136 50022
744 741 95630
264 265 45573
164 546 3842
748 445 33259
664 141 72727
601 402 13022
939 910 869
164 535 35185
656 844 21109
161 806 73466
321 322 90173
943 545 67505
515 398 33864
598 654 75764
658 659 46025
168 169 58853
658 769 99453
263 436 65183
167 246 38764
260 699 56799
939 940 93437
63 624 77803
510 808 41450
322 323 7026
262 516 58136
599 600 39153
948 131 50022
518 100 65566
159 943 34124
264 328 29163
860 246 20220
659 660 46996
663 292 50029
949 87 55093
853 854 15105
662 383 53456
665 118 72633
264 381 40220
744 723 25683
513 514 86741
68 217 47524
70 35 30384
605 100 36258
516 243 33288
259 804 49998
265 266 54691
315 765 49975
261 415 1491
261 416 51669
320 321 89806
944 303 81351
751 263 92506
402 741 7079
660 661 13072
937 913 49984
851 979 45791
514 648 50022
602 393 71827
167 168 72271
72 52 76237
747 655 30186
162 591 91506
406 407 88383
937 954 92314
314 820 60682
606 91 72703
665 178 17097
746 747 17075
69 304 26459
600 601 8661
515 516 7842
516 428 14369
264 170 39624
853 767 84133
937 938 57104
663 333 88282
263 257 50007
938 861 50030
261 439 33118
160 756 79671
255 972 49975
407 311 28363
261 443 48014
263 264 22355
168 47 53202
160 735 87402
511 855 82616
520 53 49975
259 658 49975
402 671 11356
405 406 48314
165 298 70887
938 908 52195
852 853 13235
259 666 56814
517 333 77214
596 983 92039
860 117 97297
404 477 38437
69 214 50015
316 732 9606
406 343 28407
661 591 57393
748 498 288
407 252 12856
261 515 41699
166 167 37273
603 414 50022
938 939 11309
850 996 84582
405 445 56300
165 262 64906
745 746 31426
261 501 19766
945 293 37813
751 216 27250
316 698 28430
263 329 48113
71 72 17570
67 427 64952
405 870 50015
313 263 1457
256 245 82167
409 506 96762
505 506 73842
949 773 63417
852 734 51440
947 948 4157
55 654 16709
408 620 9942
510 85 49396
409 531 58
503 715 33077
951 616 91261
169 356 41418
510 78 56896
171 172 11531
307 800 93998
753 754 92487
608 29 83834
256 257 6354
506 459 25475
58 363 78102
61 93 81536
956 114 94610
601 602 56104
851 852 75858
52 890 12275
308 731 50029
507 365 10146
859 161 40650
410 411 85105
53 825 77176
166 655 41831
654 810 54579
508 302 99624
411 314 6774
411 318 34904
61 62 71938
850 851 71149
850 845 21726
313 314 34959
948 949 71902
662 130 98946
258 149 71846
505 468 6404
758 253 71661
656 657 15949
758 249 78607
655 740 43751
312 421 56471
947 988 50135
53 744 50029
308 798 40003
248 980 93318
504 567 23911
409 410 47795
957 114 53737
51 936 12803
249 914 1902
166 589 48559
602 603 29675
954 379 7815
849 988 33095
951 643 54043
752 753 43862
950 727 7847
257 25 97071
852 599 50030
166 482 83598
662 175 49989
411 209 69656
654 885 46229
653 974 37818
304 933 85855
311 312 73897
752 970 98638
608 157 50014
603 604 42691
602 696 62405
609 77 49989
752 986 8661
254 310 49989
852 630 17251
167 407 97622
247 935 94218
658 557 13262
254 255 17724
954 167 49989
754 755 84929
600 827 50026
503 853 80981
407 537 4784
657 658 96008
251 540 51711
857 206 86089
661 308 74142
507 508 33890
950 544 50007
63 64 42185
170 171 68439
249 795 50014
655 858 12000
757 450 19402
408 409 37052
164 588 96840
408 403 63986
660 421 69281
309 555 97590
169 149 41013
57 549 68458
856 188 50030
53 908 12851
54 824 32198
168 246 50015
852 556 57550
752 910 23814
660 425 97496
305 916 94738
307 738 66526
164 609 25011
609 145 67617
657 700 4061
506 507 82824
62 63 44830
312 313 93356
848 927 60657
250 675 34119
254 318 37012
608 175 50022
505 606 49140
169 170 77907
603 618 89061
255 234 807
250 684 57038
657 719 40451
853 486 70317
311 405 50029
946 947 60023
849 850 13601
256 161 10083
664 112 91351
161 906 63923
849 858 85562
412 42 62190
507 450 10508
255 256 77505
656 339 32379
853 408 37925
59 578 44617
951 360 28604
169 610 25570
610 108 33526
313 522 78725
411 600 75858
252 867 94385
848 849 3145
508 506 60754
950 429 15056
753 490 77691
261 61 9019
65 32 15106
413 414 33435
512 147 34934
508 509 10817
752 586 26011
651 774 37173
750 751 15374
255 580 92138
315 385 55539
318 118 76198
172 379 61009
749 833 99223
655 464 91301
944 945 74513
856 157 92769
315 368 9073
856 162 89471
654 539 95110
945 847 56429
604 605 75640
655 439 16792
253 730 96384
64 81 88976
850 687 68102
658 176 49998
174 175 96354
56 789 17588
165 904 20657
314 507 49984
257 494 35775
54 962 43796
416 98 38990
64 65 12657
945 946 92880
316 317 91846
751 608 49980
610 166 13003
659 127 68258
173 174 12456
653 654 57281
407 884 53229
846 951 81289
605 606 76120
167 701 1326
652 741 16755
58 583 72123
512 135 35743
173 229 70136
602 856 54314
947 737 60874
416 62 41950
955 24 54472
660 70 9749
412 413 29194
757 41 19797
948 642 21865
415 141 50007
654 598 49989
749 750 33375
259 260 59819
60 373 69561
511 375 66689
660 104 70690
947 577 67170
658 281 35224
953 43 61660
308 845 64909
949 404 36051
314 315 42298
943 944 15252
407 842 50001
659 205 7375
315 228 48568
946 680 50029
507 740 40053
170 373 80375
414 193 17843
66 67 8395
249 996 13846
166 777 71028
754 507 31022
407 797 84873
846 926 27258
257 258 11474
165 870 73195
609 303 60644
851 495 24346
847 848 97288
654 655 99598
59 655 47070
253 604 50942
257 248 55475
605 639 49249
946 632 73808
659 222 49975
411 412 59921
410 512 23009
751 752 49579
658 360 44600
504 942 10102
165 780 90371
613 19 35478
759 19 55855
408 661 40393
752 648 12429
258 259 60175
311 634 5647
308 896 33529
315 316 87187
65 66 85061
57 781 50022
952 165 74777
754 444 32125
602 978 45905
944 878 52848
611 178 97932
655 656 96195
511 349 45264
167 633 50026
952 152 55581
317 124 3477
748 962 2003
612 72 63011
846 847 22368
606 607 39380
509 510 87064
845 945 25371
414 101 94926
172 173 95523
937 332 2223
675 516 51880
762 360 26479
500 411 41860
499 500 1702
938 256 84694
504 70 49999
417 227 37992
940 82 18043
77 153 3530
413 587 35001
330 389 31302
765 114 49998
762 382 42998
500 435 32306
415 416 41663
843 954 48001
590 141 4042
937 365 80108
585 586 7521
419 65 13118
243 951 40437
153 154 38194
247 589 36672
758 746 11753
78 79 99766
934 634 99856
411 787 22360
586 509 34198
758 759 31022
251 252 99572
409 973 73131
673 674 12117
414 528 67554
847 619 62382
415 441 55073
586 519 24758
244 873 49980
151 361 46078
761 501 49984
247 619 88393
757 860 73442
762 414 64486
675 452 84035
584 585 33121
934 538 49984
675 449 3178
332 127 61498
414 541 52646
149 616 87484
845 879 18344
589 144 86224
589 143 62058
505 34 54673
672 735 98155
156 1 83838
766 83 49462
505 44 42852
761 534 3226
500 501 33172
250 251 85624
676 388 57952
152 365 80586
674 567 36020
330 331 24172
501 406 4678
590 83 69371
494 973 93774
76 326 87113
762 450 5938
75 418 49989
930 931 77331
410 938 78143
845 846 11653
73 604 95067
416 417 96019
155 60 3511
329 380 3813
849 498 62224
420 68 89863
505 23 49999
761 566 50319
154 155 27772
763 389 53923
79 80 88755
72 703 34718
675 649 56156
153 71 49999
759 760 53876
413 452 99211
497 815 49999
78 179 63228
75 447 30482
152 153 55656
329 330 70112
76 356 94358
939 31 16306
249 250 83811
933 564 50026
147 622 87305
587 529 77684
79 111 69510
149 440 99460
72 731 85153
408 912 50007
929 930 12871
249 268 34093
324 754 53711
593 13 94139
245 647 43172
937 246 2538
71 832 81910
495 948 72064
589 359 52478
592 93 15415
844 735 29502
932 684 37533
766 184 35857
848 397 49999
677 452 35897
843 844 17286
931 685 48117
153 133 79009
245 553 27396
329 279 82761
844 845 26664
413 512 46899
674 675 97237
411 688 50007
930 767 62443
79 154 33973
414 415 92684
505 155 77469
928 970 34444
496 983 69881
411 707 75317
329 288 61193
759 832 81200
248 291 50007
78 254 41464
80 81 68710
681 20 86416
584 747 49980
932 626 83515
673 733 1892
760 761 46173
328 329 86586
321 952 5309
415 385 39710
850 296 84853
591 141 31779
589 319 78747
496 948 83848
501 502 52151
846 646 81857
586 587 29396
938 103 18547
761 687 66600
248 326 54569
145 823 67852
254 210 77293
928 893 66091
415 660 6386
502 503 6974
588 562 11132
587 653 95550
760 296 40900
842 843 36045
331 536 52086
414 733 7539
149 804 59875
330 631 18136
74 659 37679
420 207 29490
843 738 47277
335 167 75124
677 64 17789
81 82 16467
587 685 20386
928 929 58461
154 352 64063
502 477 32107
505 211 35071
843 724 49984
585 844 54377
756 666 81314
670 671 36168
755 756 8654
418 413 50015
419 324 57293
676 141 91651
418 419 78410
156 157 4226
588 586 9838
78 347 26974
333 334 84186
938 28 39438
588 589 95124
417 511 18766
929 745 8756
587 588 24703
412 992 72404
668 831 33222
416 638 86562
79 301 43055
935 218 89293
927 928 39636
249 599 89213
844 729 19472
933 391 88111
584 861 71612
413 890 38685
252 303 75657
502 553 27
248 663 52420
336 28 57212
755 786 76124
669 728 50029
757 607 80910
157 158 69072
251 404 49975
675 202 7592
326 907 49998
758 571 33677
503 449 55427
762 216 85889
327 814 22286
333 279 48528
587 631 50029
756 757 4242
499 812 64916
252 359 90900
325 1000 45930
148 921 31478
675 160 50029
591 246 41810
584 868 72949
253 254 28932
502 526 97143
850 3 50001
846 363 90315
335 80 50030
936 66 6325
155 156 44871
672 673 55895
589 590 24707
252 253 75712
76 616 56388
757 685 36439
82 83 8453
332 333 14882
589 597 86713
674 475 50015
764 49 60818
926 927 33783
149 677 92090
248 602 20652
840 872 71941
754 942 96510
80 311 3723
250 478 50029
507 167 63552
411 933 49998
844 498 32562
595 102 3112
149 651 43793
678 96 82723
928 791 90131
503 504 74436
847 215 96410
585 970 41943
77 555 50007
507 140 10168
840 841 28042
249 538 50030
673 537 50001
156 137 72708
588 637 14406
933 267 63587
677 169 8035
673 524 49975
757 758 47038
935 82 48808
840 954 36973
673 517 88862
417 418 76413
501 785 49980
499 956 23204
247 635 19269
325 889 37107
934 156 63791
156 111 72029
756 827 51956
504 505 67995
415 586 92923
247 622 48898
501 766 99240
248 535 45836
150 649 71138
841 842 61436
671 672 56453
254 57 96723
668 938 68065
331 332 12098
147 902 49980
328 598 45634
146 984 49989
509 33 65465
932 370 58711
150 615 63869
415 617 3877
506 293 19474
254 29 31433
933 273 49406
83 84 65908
321 633 49984
839 801 5027
150 936 78423
940 610 56005
590 653 50026
159 137 82618
673 161 78234
494 410 17593
843 452 52131
493 494 60598
496 229 70562
843 462 89683
596 140 48604
940 628 13806
72 118 71234
768 382 1423
73 31 974
843 458 7894
593 404 24841
246 188 90568
591 592 1057
936 990 98511
421 422 75736
159 160 51684
321 664 27123
246 136 17614
936 937 12400
421 371 91631
72 73 72597
67 518 79356
243 404 64591
839 840 87021
417 736 3608
763 790 81360
666 809 25876
946 50 76799
150 982 3184
245 246 3979
159 193 17365
325 326 7853
845 326 89659
847 148 96703
590 591 64491
73 74 60217
423 290 42445
838 960 32824
590 601 41853
318 846 72227
490 833 2700
161 38 84667
160 123 27943
589 702 77395
419 665 60217
770 275 50030
843 530 85089
842 618 50022
69 455 13722
72 189 81347
324 325 56716
937 838 91997
494 495 96079
325 241 43596
319 773 48828
944 159 73787
586 919 49436
771 136 76322
943 254 34128
422 355 33750
324 339 40079
764 765 22565
160 161 56498
66 688 38283
667 668 47109
236 977 19900
666 758 50567
63 962 30407
418 722 1076
666 766 97810
943 274 14082
764 782 50029
935 936 21986
765 766 45479
422 185 6290
415 808 23518
240 571 6201
323 324 9758
149 897 88900
64 964 83581
420 388 92824
74 75 79511
768 518 29546
771 251 79567
244 245 52920
157 212 23577
246 67 37133
149 925 71819
158 109 72578
676 26 43791
673 291 46657
154 492 60751
326 100 59393
766 650 90591
595 319 79929
597 141 73223
771 205 49984
413 964 97038
415 785 38910
935 906 37667
319 720 27297
669 670 22495
767 558 8371
67 652 62468
843 355 58245
64 920 96657
244 195 39696
419 420 41859
417 598 51689
668 754 76286
73 133 14121
847 17 6529
495 496 26357
319 733 50001
592 593 94182
67 657 86470
837 900 46846
841 545 8208
845 189 13133
669 684 32005
498 218 53353
940 466 92098
668 669 54805
243 244 5639
325 78 36886
839 734 81135
934 956 187
671 394 90206
942 243 92087
670 482 55583
158 159 36321
491 885 32646
597 123 39591
67 757 86530
838 839 63012
157 267 11722
237 797 67538
593 470 875
417 713 59612
490 985 88074
588 878 14497
155 462 6560
238 659 50022
773 81 80232
673 247 65482
501 25 86946
159 128 19706
420 421 62315
592 526 49344
934 935 87945
939 494 7524
150 917 72919
496 497 7752
769 39 95788
661 980 13145
248 259 48462
759 924 38527
426 226 50007
836 837 91168
836 834 50029
72 383 50015
594 578 43822
938 534 62447
162 122 50026
248 249 45947
425 299 13614
65 993 21641
669 301 84580
75 76 57679
496 523 35819
323 752 96209
592 727 33653
153 978 70914
73 261 55892
498 354 50030
764 438 69131
154 870 38746
670 204 59298
665 647 58389
162 163 56816
670 200 50001
240 938 72108
245 469 41499
593 594 67885
245 467 49998
596 328 65402
157 648 23490
74 257 32652
836 893 45042
933 934 33326
250 26 49984
670 94 35043
330 17 24684
324 558 24155
423 545 83374
323 650 20677
76 77 99442
765 446 84463
670 103 18384
763 631 55445
497 498 11849
243 615 21573
661 946 58930
765 427 97671
768 163 13635
592 661 50026
837 838 54944
71 507 49998
938 457 24977
73 323 28132
669 245 7934
841 460 70787
761 762 59611
664 665 78226
424 425 9158
241 773 49998
247 248 5533
665 580 15753
248 161 95697
933 892 91914
327 328 14236
595 380 49999
247 245 66582
942 74 14982
598 354 50015
935 699 63917
666 667 37752
322 687 24470
326 327 99642
596 522 77421
502 81 49984
835 777 49984
933 857 203
767 334 13616
417 888 50029
595 596 69342
939 318 91372
325 400 98602
596 503 22262
932 933 50528
75 209 18811
767 321 36644
762 763 32714
938 393 45186
495 741 46653
599 221 60656
422 423 80034
155 671 49999
161 122 66983
421 506 73572
425 153 52036
499 383 82897
162 38 81091
248 95 67349
667 590 52631
325 435 50022
667 591 95900
834 895 13056
494 819 34017
159 295 17931
764 564 10706
769 119 4735
761 828 38568
936 547 40290
69 845 60940
240 791 50022
155 704 4982
837 671 60903
246 247 58656
763 764 27898
161 162 70623
247 157 66184
498 499 62490
502 144 56920
599 186 55207
840 399 88419
423 424 57089
665 666 93422
837 655 23871
837 657 60687
761 926 62075
835 836 35547
69 810 93157
496 730 8467
500 360 70586
319 917 63803
842 258 33272
69 799 49989
599 160 30853
770 109 82846
325 375 21318
72 527 56531
760 990 25943
244 387 18242
594 595 42819
836 784 60182
766 454 49998
834 968 83242
77 78 35340
663 888 82194
246 207 49984
494 892 49051
323 544 71271
327 191 51918
767 357 72117
663 882 28157
668 436 6500
931 932 42456
592 770 86169
