100 347
67 73 3
19 15 11
86 87 23
6 44 2
19 5 13
62 34 14
35 93 17
19 1 19
87 4 14
67 68 8
43 44 25
73 27 22
35 68 13
78 65 8
29 56 17
49 50 17
54 33 7
29 61 11
43 55 7
43 49 3
18 74 17
59 85 8
72 67 3
59 86 17
54 52 5
72 73 3
43 57 5
78 79 17
61 86 7
6 7 21
35 36 24
79 4 25
12 13 2
92 52 25
54 55 18
5 84 20
97 18 3
19 20 25
12 6 21
59 91 22
61 62 21
66 99 19
73 74 2
42 55 3
36 66 1
11 12 14
48 69 17
55 8 22
67 30 3
86 5 24
91 44 3
54 99 8
18 19 10
30 31 11
24 25 6
98 30 25
24 26 14
30 39 5
91 92 4
36 26 1
42 87 20
60 61 22
92 14 3
36 33 22
92 13 5
85 86 8
97 98 20
98 9 11
36 37 5
67 60 21
48 49 18
73 60 24
67 58 8
91 75 24
5 14 24
61 39 3
11 26 7
18 47 14
79 80 19
67 49 13
90 91 21
41 82 2
31 32 11
74 62 11
37 38 23
69 24 2
52 63 1
41 80 14
41 75 23
52 68 2
90 88 19
5 6 23
41 77 25
63 79 20
96 11 22
58 87 4
90 73 14
74 75 16
74 80 4
85 41 23
4 86 13
96 22 17
42 1 7
10 31 17
4 59 2
26 19 19
80 36 13
52 91 1
47 53 2
91 26 7
26 27 19
91 30 19
95 96 7
47 77 21
4 46 17
42 43 7
10 54 1
80 48 22
4 52 2
69 70 18
31 36 11
63 64 15
58 59 5
4 25 14
97 7 3
9 63 14
96 97 19
84 85 19
19 71 20
63 13 24
53 44 23
97 16 11
75 24 4
47 49 24
47 48 6
25 60 11
38 2 4
68 56 24
41 40 24
59 60 14
68 69 20
96 83 21
53 54 25
80 81 4
89 90 1
62 63 8
20 10 14
32 40 24
81 14 21
53 65 3
25 45 22
62 71 4
10 15 25
3 88 17
32 33 18
84 42 23
90 54 17
41 42 13
90 56 5
10 11 24
20 21 15
32 30 1
3 93 21
4 5 5
68 91 5
32 23 14
25 26 13
94 95 8
100 47 17
26 70 13
70 71 10
76 29 21
14 51 11
9 10 17
65 37 5
89 66 14
76 27 13
46 76 23
57 39 13
40 41 9
65 30 13
46 47 19
75 94 4
16 17 9
100 56 13
22 23 21
16 14 4
26 98 1
81 86 25
21 71 14
27 12 11
75 76 14
40 84 20
81 82 21
95 45 3
14 81 4
51 68 24
99 100 2
8 69 14
8 68 22
9 7 19
70 93 25
46 20 17
8 93 19
21 92 11
15 16 13
27 28 5
8 92 14
2 75 8
89 55 8
81 80 2
32 71 17
75 68 19
51 52 5
64 69 11
58 27 24
88 89 10
3 4 12
70 9 3
8 35 14
58 19 19
51 100 7
70 5 5
64 65 20
39 88 25
89 6 22
70 7 17
21 61 7
27 60 7
27 59 1
82 18 14
76 77 24
8 54 13
64 44 8
89 19 11
8 58 3
76 72 11
51 80 8
57 84 20
100 83 2
64 37 8
52 53 11
3 35 14
15 67 11
27 87 23
14 13 21
8 9 7
7 99 11
14 15 17
33 31 19
27 83 20
33 34 7
15 81 13
45 41 7
88 72 11
28 2 2
70 29 11
21 22 23
57 58 24
70 23 3
27 96 23
45 46 3
72 20 24
99 3 3
55 97 17
12 96 1
28 29 3
34 35 11
49 93 7
56 15 21
98 99 24
17 47 17
13 14 13
82 92 17
71 92 25
77 48 14
1 15 1
13 29 3
82 83 16
13 33 19
44 97 22
7 90 17
66 67 6
72 16 21
28 35 3
1 2 14
72 53 13
87 88 12
93 94 12
44 93 23
39 54 8
1 25 1
66 50 5
1 20 2
23 24 12
39 40 20
88 16 19
98 74 13
98 78 17
13 60 7
23 38 5
77 7 5
55 59 2
55 56 18
34 14 5
28 93 2
92 93 20
78 39 8
22 82 17
50 71 2
38 39 11
34 94 14
7 8 15
35 6 13
35 25 21
44 45 18
65 89 1
56 57 17
78 22 23
50 51 25
56 64 3
78 16 2
65 66 23
84 16 8
2 3 4
44 26 22
78 6 3
34 71 22
29 30 20
1 83 1
77 93 20
87 15 14
87 18 11
17 18 8
77 83 2
71 67 11
17 22 21
29 46 8
77 78 16
87 42 20
22 68 8
71 72 24
17 29 19
99 63 1
43 93 11
2 14 23
83 84 5
