10:05:11 326.15 1.06 3238
10:05:16 326.15 0.97 3256
10:05:21 325.15 0.89 3265
10:05:26 333.15 2.02 3262
10:05:32 345.15 3.06 3906
10:05:37 348.15 4.02 3735
10:05:43 351.15 5.78 3738
10:05:48 352.15 6.52 3735
10:05:53 354.15 7.20 3744
10:05:59 355.15 7.90 3747
10:06:04 356.15 8.55 3747
10:06:10 357.15 9.07 3747
10:06:15 358.15 9.46 3747
10:06:21 358.15 9.35 3747
10:06:26 353.15 8.68 3735
10:06:32 357.15 9.18 3732
10:06:37 358.15 9.81 3735
10:06:43 359.15 10.77 3732
10:06:48 360.15 11.11 3735
10:06:54 361.15 11.42 3735
10:06:59 361.15 11.79 3738
10:07:05 361.15 12.04 3738
10:07:10 362.15 12.28 3738
10:07:15 362.15 12.50 3744
10:07:21 362.15 12.46 3738
10:07:26 352.15 11.46 3747
10:07:31 340.15 10.54 3738
10:07:36 337.15 9.78 3735
10:07:41 336.15 8.99 3735
10:07:46 334.15 8.27 3735
10:07:51 332.15 7.69 3611
10:07:56 331.15 7.08 3338
10:08:01 330.15 6.59 3395
10:08:06 329.15 6.22 3424
10:08:11 328.15 5.72 3436
10:08:17 328.15 5.35 3454
10:08:22 328.15 4.92 3454
10:08:27 327.15 4.52 3454
10:08:32 326.15 4.16 3454
10:08:37 327.15 3.83 3454
10:08:42 326.15 3.52 3451
10:08:47 325.15 3.24 3464
10:08:52 326.15 3.06 3137
10:08:57 326.15 2.81 3187
10:09:02 325.15 2.59 3221
10:09:07 325.15 2.38 3225
10:09:12 325.15 2.19 3247
10:09:17 325.15 2.02 3265
10:09:22 324.15 1.85 3262
10:09:27 323.15 1.71 3265
10:09:32 323.15 1.44 3265
10:09:38 324.15 1.33 3265
10:09:43 323.15 1.22 3265
10:09:48 323.15 1.12 3262
10:09:53 323.15 1.03 3262
10:09:58 323.15 1.11 3258
10:10:03 323.15 1.10 3262
10:10:08 324.15 1.25 3256
10:10:13 324.15 1.15 3256
10:10:18 324.15 1.06 3256
